,map,x,y,theta,velocity,progress
0,f1_esp,0.03,0.0,0.0,2.9049,0.0
1,f1_esp,0.03,0.0,0.0,2.9049,0.0
2,f1_esp,0.03,0.0,0.0,2.9049,0.0
3,f1_esp,0.03,0.0,0.0,2.9049,0.0
4,f1_esp,0.03,0.0,0.0,2.9049,0.0
5,f1_esp,0.03,0.0,0.0,2.9049,0.0
6,f1_esp,0.03,0.0,0.0,2.9049,0.0
7,f1_esp,0.03,0.0,0.0,2.9049,0.0
8,f1_esp,0.03,0.0,0.0,2.9049,0.0
9,f1_esp,0.35971194735909384,0.0030566830988634506,0.026123156335493957,3.7099399895672396,0.1265822784810127
10,f1_esp,0.35971194735909384,0.0030566830988634506,0.026123156335493957,3.7099399895672396,0.1265822784810127
11,f1_esp,0.35971194735909384,0.0030566830988634506,0.026123156335493957,3.7099399895672396,0.1265822784810127
12,f1_esp,0.35971194735909384,0.0030566830988634506,0.026123156335493957,3.7099399895672396,0.1265822784810127
13,f1_esp,0.35971194735909384,0.0030566830988634506,0.026123156335493957,3.7099399895672396,0.1265822784810127
14,f1_esp,0.35971194735909384,0.0030566830988634506,0.026123156335493957,3.7099399895672396,0.1265822784810127
15,f1_esp,0.35971194735909384,0.0030566830988634506,0.026123156335493957,3.7099399895672396,0.1265822784810127
16,f1_esp,0.35971194735909384,0.0030566830988634506,0.026123156335493957,3.7099399895672396,0.1265822784810127
17,f1_esp,0.35971194735909384,0.0030566830988634506,0.026123156335493957,3.7099399895672396,0.1265822784810127
18,f1_esp,0.35971194735909384,0.0030566830988634506,0.026123156335493957,3.7099399895672396,0.1265822784810127
19,f1_esp,0.7539689452705266,0.031456439110396986,0.12407891810613145,4.207440501398542,0.29535864978902954
20,f1_esp,0.7539689452705266,0.031456439110396986,0.12407891810613145,4.207440501398542,0.29535864978902954
21,f1_esp,0.7539689452705266,0.031456439110396986,0.12407891810613145,4.207440501398542,0.29535864978902954
22,f1_esp,0.7539689452705266,0.031456439110396986,0.12407891810613145,4.207440501398542,0.29535864978902954
23,f1_esp,0.7539689452705266,0.031456439110396986,0.12407891810613145,4.207440501398542,0.29535864978902954
24,f1_esp,0.7539689452705266,0.031456439110396986,0.12407891810613145,4.207440501398542,0.29535864978902954
25,f1_esp,0.7539689452705266,0.031456439110396986,0.12407891810613145,4.207440501398542,0.29535864978902954
26,f1_esp,0.7539689452705266,0.031456439110396986,0.12407891810613145,4.207440501398542,0.29535864978902954
27,f1_esp,0.7539689452705266,0.031456439110396986,0.12407891810613145,4.207440501398542,0.29535864978902954
28,f1_esp,0.7539689452705266,0.031456439110396986,0.12407891810613145,4.207440501398542,0.29535864978902954
29,f1_esp,1.1847793657993237,0.09599938342073625,0.2144150951312958,4.513084070631287,0.5063291139240508
30,f1_esp,1.1847793657993237,0.09599938342073625,0.2144150951312958,4.513084070631287,0.5063291139240508
31,f1_esp,1.1847793657993237,0.09599938342073625,0.2144150951312958,4.513084070631287,0.5063291139240508
32,f1_esp,1.1847793657993237,0.09599938342073625,0.2144150951312958,4.513084070631287,0.5063291139240508
33,f1_esp,1.1847793657993237,0.09599938342073625,0.2144150951312958,4.513084070631287,0.5063291139240508
34,f1_esp,1.1847793657993237,0.09599938342073625,0.2144150951312958,4.513084070631287,0.5063291139240508
35,f1_esp,1.1847793657993237,0.09599938342073625,0.2144150951312958,4.513084070631287,0.5063291139240508
36,f1_esp,1.1847793657993237,0.09599938342073625,0.2144150951312958,4.513084070631287,0.5063291139240508
37,f1_esp,1.1847793657993237,0.09599938342073625,0.2144150951312958,4.513084070631287,0.5063291139240508
38,f1_esp,1.1847793657993237,0.09599938342073625,0.2144150951312958,4.513084070631287,0.5063291139240508
39,f1_esp,1.6331057897668715,0.19371505708183484,0.26684825616317276,4.668192568741194,0.6751054852320675
40,f1_esp,1.6331057897668715,0.19371505708183484,0.26684825616317276,4.668192568741194,0.6751054852320675
41,f1_esp,1.6331057897668715,0.19371505708183484,0.26684825616317276,4.668192568741194,0.6751054852320675
42,f1_esp,1.6331057897668715,0.19371505708183484,0.26684825616317276,4.668192568741194,0.6751054852320675
43,f1_esp,1.6331057897668715,0.19371505708183484,0.26684825616317276,4.668192568741194,0.6751054852320675
44,f1_esp,1.6331057897668715,0.19371505708183484,0.26684825616317276,4.668192568741194,0.6751054852320675
45,f1_esp,1.6331057897668715,0.19371505708183484,0.26684825616317276,4.668192568741194,0.6751054852320675
46,f1_esp,1.6331057897668715,0.19371505708183484,0.26684825616317276,4.668192568741194,0.6751054852320675
47,f1_esp,1.6331057897668715,0.19371505708183484,0.26684825616317276,4.668192568741194,0.6751054852320675
48,f1_esp,1.6331057897668715,0.19371505708183484,0.26684825616317276,4.668192568741194,0.6751054852320675
49,f1_esp,2.0734109515161228,0.3037345629605855,0.24051078895957026,4.45642368168661,0.8860759493670887
50,f1_esp,2.0734109515161228,0.3037345629605855,0.24051078895957026,4.45642368168661,0.8860759493670887
51,f1_esp,2.0734109515161228,0.3037345629605855,0.24051078895957026,4.45642368168661,0.8860759493670887
52,f1_esp,2.0734109515161228,0.3037345629605855,0.24051078895957026,4.45642368168661,0.8860759493670887
53,f1_esp,2.0734109515161228,0.3037345629605855,0.24051078895957026,4.45642368168661,0.8860759493670887
54,f1_esp,2.0734109515161228,0.3037345629605855,0.24051078895957026,4.45642368168661,0.8860759493670887
55,f1_esp,2.0734109515161228,0.3037345629605855,0.24051078895957026,4.45642368168661,0.8860759493670887
56,f1_esp,2.0734109515161228,0.3037345629605855,0.24051078895957026,4.45642368168661,0.8860759493670887
57,f1_esp,2.0734109515161228,0.3037345629605855,0.24051078895957026,4.45642368168661,0.8860759493670887
58,f1_esp,2.0734109515161228,0.3037345629605855,0.24051078895957026,4.45642368168661,0.8860759493670887
59,f1_esp,2.5090380609774727,0.36986643035316485,6.269116215545408,4.380875739921593,1.0548523206751055
60,f1_esp,2.5090380609774727,0.36986643035316485,6.269116215545408,4.380875739921593,1.0548523206751055
61,f1_esp,2.5090380609774727,0.36986643035316485,6.269116215545408,4.380875739921593,1.0548523206751055
62,f1_esp,2.5090380609774727,0.36986643035316485,6.269116215545408,4.380875739921593,1.0548523206751055
63,f1_esp,2.5090380609774727,0.36986643035316485,6.269116215545408,4.380875739921593,1.0548523206751055
64,f1_esp,2.5090380609774727,0.36986643035316485,6.269116215545408,4.380875739921593,1.0548523206751055
65,f1_esp,2.5090380609774727,0.36986643035316485,6.269116215545408,4.380875739921593,1.0548523206751055
66,f1_esp,2.5090380609774727,0.36986643035316485,6.269116215545408,4.380875739921593,1.0548523206751055
67,f1_esp,2.5090380609774727,0.36986643035316485,6.269116215545408,4.380875739921593,1.0548523206751055
68,f1_esp,2.5090380609774727,0.36986643035316485,6.269116215545408,4.380875739921593,1.0548523206751055
69,f1_esp,2.9582800577924537,0.363531058283986,6.09696614740666,4.619635757002121,1.2658227848101267
70,f1_esp,2.9582800577924537,0.363531058283986,6.09696614740666,4.619635757002121,1.2658227848101267
71,f1_esp,2.9582800577924537,0.363531058283986,6.09696614740666,4.619635757002121,1.2658227848101267
72,f1_esp,2.9582800577924537,0.363531058283986,6.09696614740666,4.619635757002121,1.2658227848101267
73,f1_esp,2.9582800577924537,0.363531058283986,6.09696614740666,4.619635757002121,1.2658227848101267
74,f1_esp,2.9582800577924537,0.363531058283986,6.09696614740666,4.619635757002121,1.2658227848101267
75,f1_esp,2.9582800577924537,0.363531058283986,6.09696614740666,4.619635757002121,1.2658227848101267
76,f1_esp,2.9582800577924537,0.363531058283986,6.09696614740666,4.619635757002121,1.2658227848101267
77,f1_esp,2.9582800577924537,0.363531058283986,6.09696614740666,4.619635757002121,1.2658227848101267
78,f1_esp,2.9582800577924537,0.363531058283986,6.09696614740666,4.619635757002121,1.2658227848101267
79,f1_esp,3.4201648642994926,0.2831673386760498,6.008046017164249,4.76631997660012,1.4345991561181433
80,f1_esp,3.4201648642994926,0.2831673386760498,6.008046017164249,4.76631997660012,1.4345991561181433
81,f1_esp,3.4201648642994926,0.2831673386760498,6.008046017164249,4.76631997660012,1.4345991561181433
82,f1_esp,3.4201648642994926,0.2831673386760498,6.008046017164249,4.76631997660012,1.4345991561181433
83,f1_esp,3.4201648642994926,0.2831673386760498,6.008046017164249,4.76631997660012,1.4345991561181433
84,f1_esp,3.4201648642994926,0.2831673386760498,6.008046017164249,4.76631997660012,1.4345991561181433
85,f1_esp,3.4201648642994926,0.2831673386760498,6.008046017164249,4.76631997660012,1.4345991561181433
86,f1_esp,3.4201648642994926,0.2831673386760498,6.008046017164249,4.76631997660012,1.4345991561181433
87,f1_esp,3.4201648642994926,0.2831673386760498,6.008046017164249,4.76631997660012,1.4345991561181433
88,f1_esp,3.4201648642994926,0.2831673386760498,6.008046017164249,4.76631997660012,1.4345991561181433
89,f1_esp,3.8913680205673478,0.18670154000904096,6.149186991758534,4.856227843614612,1.6455696202531647
90,f1_esp,3.8913680205673478,0.18670154000904096,6.149186991758534,4.856227843614612,1.6455696202531647
91,f1_esp,3.8913680205673478,0.18670154000904096,6.149186991758534,4.856227843614612,1.6455696202531647
92,f1_esp,3.8913680205673478,0.18670154000904096,6.149186991758534,4.856227843614612,1.6455696202531647
93,f1_esp,3.8913680205673478,0.18670154000904096,6.149186991758534,4.856227843614612,1.6455696202531647
94,f1_esp,3.8913680205673478,0.18670154000904096,6.149186991758534,4.856227843614612,1.6455696202531647
95,f1_esp,3.8913680205673478,0.18670154000904096,6.149186991758534,4.856227843614612,1.6455696202531647
96,f1_esp,3.8913680205673478,0.18670154000904096,6.149186991758534,4.856227843614612,1.6455696202531647
97,f1_esp,3.8913680205673478,0.18670154000904096,6.149186991758534,4.856227843614612,1.6455696202531647
98,f1_esp,3.8913680205673478,0.18670154000904096,6.149186991758534,4.856227843614612,1.6455696202531647
99,f1_esp,4.377026564216318,0.1397575572160819,0.05988054565732093,4.911672010899935,1.8565400843881859
100,f1_esp,4.377026564216318,0.1397575572160819,0.05988054565732093,4.911672010899935,1.8565400843881859
101,f1_esp,4.377026564216318,0.1397575572160819,0.05988054565732093,4.911672010899935,1.8565400843881859
102,f1_esp,4.377026564216318,0.1397575572160819,0.05988054565732093,4.911672010899935,1.8565400843881859
103,f1_esp,4.377026564216318,0.1397575572160819,0.05988054565732093,4.911672010899935,1.8565400843881859
104,f1_esp,4.377026564216318,0.1397575572160819,0.05988054565732093,4.911672010899935,1.8565400843881859
105,f1_esp,4.377026564216318,0.1397575572160819,0.05988054565732093,4.911672010899935,1.8565400843881859
106,f1_esp,4.377026564216318,0.1397575572160819,0.05988054565732093,4.911672010899935,1.8565400843881859
107,f1_esp,4.377026564216318,0.1397575572160819,0.05988054565732093,4.911672010899935,1.8565400843881859
108,f1_esp,4.377026564216318,0.1397575572160819,0.05988054565732093,4.911672010899935,1.8565400843881859
109,f1_esp,4.869122358708437,0.15940389166329985,0.16958540146336082,4.945734720494758,2.067510548523207
110,f1_esp,4.869122358708437,0.15940389166329985,0.16958540146336082,4.945734720494758,2.067510548523207
111,f1_esp,4.869122358708437,0.15940389166329985,0.16958540146336082,4.945734720494758,2.067510548523207
112,f1_esp,4.869122358708437,0.15940389166329985,0.16958540146336082,4.945734720494758,2.067510548523207
113,f1_esp,4.869122358708437,0.15940389166329985,0.16958540146336082,4.945734720494758,2.067510548523207
114,f1_esp,4.869122358708437,0.15940389166329985,0.16958540146336082,4.945734720494758,2.067510548523207
115,f1_esp,4.869122358708437,0.15940389166329985,0.16958540146336082,4.945734720494758,2.067510548523207
116,f1_esp,4.869122358708437,0.15940389166329985,0.16958540146336082,4.945734720494758,2.067510548523207
117,f1_esp,4.869122358708437,0.15940389166329985,0.16958540146336082,4.945734720494758,2.067510548523207
118,f1_esp,4.869122358708437,0.15940389166329985,0.16958540146336082,4.945734720494758,2.067510548523207
119,f1_esp,5.358715715804627,0.23507738324190497,0.24917774565693657,4.966034560300327,2.278481012658228
120,f1_esp,5.358715715804627,0.23507738324190497,0.24917774565693657,4.966034560300327,2.278481012658228
121,f1_esp,5.358715715804627,0.23507738324190497,0.24917774565693657,4.966034560300327,2.278481012658228
122,f1_esp,5.358715715804627,0.23507738324190497,0.24917774565693657,4.966034560300327,2.278481012658228
123,f1_esp,5.358715715804627,0.23507738324190497,0.24917774565693657,4.966034560300327,2.278481012658228
124,f1_esp,5.358715715804627,0.23507738324190497,0.24917774565693657,4.966034560300327,2.278481012658228
125,f1_esp,5.358715715804627,0.23507738324190497,0.24917774565693657,4.966034560300327,2.278481012658228
126,f1_esp,5.358715715804627,0.23507738324190497,0.24917774565693657,4.966034560300327,2.278481012658228
127,f1_esp,5.358715715804627,0.23507738324190497,0.24917774565693657,4.966034560300327,2.278481012658228
128,f1_esp,5.358715715804627,0.23507738324190497,0.24917774565693657,4.966034560300327,2.278481012658228
129,f1_esp,5.815366316130186,0.34098816721750785,0.2995147979253561,4.510114781209308,2.447257383966245
130,f1_esp,5.815366316130186,0.34098816721750785,0.2995147979253561,4.510114781209308,2.447257383966245
131,f1_esp,5.815366316130186,0.34098816721750785,0.2995147979253561,4.510114781209308,2.447257383966245
132,f1_esp,5.815366316130186,0.34098816721750785,0.2995147979253561,4.510114781209308,2.447257383966245
133,f1_esp,5.815366316130186,0.34098816721750785,0.2995147979253561,4.510114781209308,2.447257383966245
134,f1_esp,5.815366316130186,0.34098816721750785,0.2995147979253561,4.510114781209308,2.447257383966245
135,f1_esp,5.815366316130186,0.34098816721750785,0.2995147979253561,4.510114781209308,2.447257383966245
136,f1_esp,5.815366316130186,0.34098816721750785,0.2995147979253561,4.510114781209308,2.447257383966245
137,f1_esp,5.815366316130186,0.34098816721750785,0.2995147979253561,4.510114781209308,2.447257383966245
138,f1_esp,5.815366316130186,0.34098816721750785,0.2995147979253561,4.510114781209308,2.447257383966245
139,f1_esp,6.264259567693795,0.4330217949558795,0.09013975203408642,4.662066227104701,2.658227848101266
140,f1_esp,6.264259567693795,0.4330217949558795,0.09013975203408642,4.662066227104701,2.658227848101266
141,f1_esp,6.264259567693795,0.4330217949558795,0.09013975203408642,4.662066227104701,2.658227848101266
142,f1_esp,6.264259567693795,0.4330217949558795,0.09013975203408642,4.662066227104701,2.658227848101266
143,f1_esp,6.264259567693795,0.4330217949558795,0.09013975203408642,4.662066227104701,2.658227848101266
144,f1_esp,6.264259567693795,0.4330217949558795,0.09013975203408642,4.662066227104701,2.658227848101266
145,f1_esp,6.264259567693795,0.4330217949558795,0.09013975203408642,4.662066227104701,2.658227848101266
146,f1_esp,6.264259567693795,0.4330217949558795,0.09013975203408642,4.662066227104701,2.658227848101266
147,f1_esp,6.264259567693795,0.4330217949558795,0.09013975203408642,4.662066227104701,2.658227848101266
148,f1_esp,6.264259567693795,0.4330217949558795,0.09013975203408642,4.662066227104701,2.658227848101266
149,f1_esp,6.735643747158376,0.45648186151370995,6.1343267912675925,4.792305918563474,2.869198312236287
150,f1_esp,6.735643747158376,0.45648186151370995,6.1343267912675925,4.792305918563474,2.869198312236287
151,f1_esp,6.735643747158376,0.45648186151370995,6.1343267912675925,4.792305918563474,2.869198312236287
152,f1_esp,6.735643747158376,0.45648186151370995,6.1343267912675925,4.792305918563474,2.869198312236287
153,f1_esp,6.735643747158376,0.45648186151370995,6.1343267912675925,4.792305918563474,2.869198312236287
154,f1_esp,6.735643747158376,0.45648186151370995,6.1343267912675925,4.792305918563474,2.869198312236287
155,f1_esp,6.735643747158376,0.45648186151370995,6.1343267912675925,4.792305918563474,2.869198312236287
156,f1_esp,6.735643747158376,0.45648186151370995,6.1343267912675925,4.792305918563474,2.869198312236287
157,f1_esp,6.735643747158376,0.45648186151370995,6.1343267912675925,4.792305918563474,2.869198312236287
158,f1_esp,6.735643747158376,0.45648186151370995,6.1343267912675925,4.792305918563474,2.869198312236287
159,f1_esp,7.217231930239569,0.4187851041656028,6.147061237561386,4.872401378600898,3.0379746835443044
160,f1_esp,7.217231930239569,0.4187851041656028,6.147061237561386,4.872401378600898,3.0379746835443044
161,f1_esp,7.217231930239569,0.4187851041656028,6.147061237561386,4.872401378600898,3.0379746835443044
162,f1_esp,7.217231930239569,0.4187851041656028,6.147061237561386,4.872401378600898,3.0379746835443044
163,f1_esp,7.217231930239569,0.4187851041656028,6.147061237561386,4.872401378600898,3.0379746835443044
164,f1_esp,7.217231930239569,0.4187851041656028,6.147061237561386,4.872401378600898,3.0379746835443044
165,f1_esp,7.217231930239569,0.4187851041656028,6.147061237561386,4.872401378600898,3.0379746835443044
166,f1_esp,7.217231930239569,0.4187851041656028,6.147061237561386,4.872401378600898,3.0379746835443044
167,f1_esp,7.217231930239569,0.4187851041656028,6.147061237561386,4.872401378600898,3.0379746835443044
168,f1_esp,7.217231930239569,0.4187851041656028,6.147061237561386,4.872401378600898,3.0379746835443044
169,f1_esp,7.704819121441639,0.3740530784884191,6.238125354840577,4.921608704155938,3.248945147679325
170,f1_esp,7.704819121441639,0.3740530784884191,6.238125354840577,4.921608704155938,3.248945147679325
171,f1_esp,7.704819121441639,0.3740530784884191,6.238125354840577,4.921608704155938,3.248945147679325
172,f1_esp,7.704819121441639,0.3740530784884191,6.238125354840577,4.921608704155938,3.248945147679325
173,f1_esp,7.704819121441639,0.3740530784884191,6.238125354840577,4.921608704155938,3.248945147679325
174,f1_esp,7.704819121441639,0.3740530784884191,6.238125354840577,4.921608704155938,3.248945147679325
175,f1_esp,7.704819121441639,0.3740530784884191,6.238125354840577,4.921608704155938,3.248945147679325
176,f1_esp,7.704819121441639,0.3740530784884191,6.238125354840577,4.921608704155938,3.248945147679325
177,f1_esp,7.704819121441639,0.3740530784884191,6.238125354840577,4.921608704155938,3.248945147679325
178,f1_esp,7.704819121441639,0.3740530784884191,6.238125354840577,4.921608704155938,3.248945147679325
179,f1_esp,8.197767417390834,0.34837958315876916,6.267490632537189,4.951839642178496,3.459915611814347
180,f1_esp,8.197767417390834,0.34837958315876916,6.267490632537189,4.951839642178496,3.459915611814347
181,f1_esp,8.197767417390834,0.34837958315876916,6.267490632537189,4.951839642178496,3.459915611814347
182,f1_esp,8.197767417390834,0.34837958315876916,6.267490632537189,4.951839642178496,3.459915611814347
183,f1_esp,8.197767417390834,0.34837958315876916,6.267490632537189,4.951839642178496,3.459915611814347
184,f1_esp,8.197767417390834,0.34837958315876916,6.267490632537189,4.951839642178496,3.459915611814347
185,f1_esp,8.197767417390834,0.34837958315876916,6.267490632537189,4.951839642178496,3.459915611814347
186,f1_esp,8.197767417390834,0.34837958315876916,6.267490632537189,4.951839642178496,3.459915611814347
187,f1_esp,8.197767417390834,0.34837958315876916,6.267490632537189,4.951839642178496,3.459915611814347
188,f1_esp,8.197767417390834,0.34837958315876916,6.267490632537189,4.951839642178496,3.459915611814347
189,f1_esp,8.691640334431918,0.3035699778152996,6.067352489163166,4.9704122754889895,3.670886075949367
190,f1_esp,8.691640334431918,0.3035699778152996,6.067352489163166,4.9704122754889895,3.670886075949367
191,f1_esp,8.691640334431918,0.3035699778152996,6.067352489163166,4.9704122754889895,3.670886075949367
192,f1_esp,8.691640334431918,0.3035699778152996,6.067352489163166,4.9704122754889895,3.670886075949367
193,f1_esp,8.691640334431918,0.3035699778152996,6.067352489163166,4.9704122754889895,3.670886075949367
194,f1_esp,8.691640334431918,0.3035699778152996,6.067352489163166,4.9704122754889895,3.670886075949367
195,f1_esp,8.691640334431918,0.3035699778152996,6.067352489163166,4.9704122754889895,3.670886075949367
196,f1_esp,8.691640334431918,0.3035699778152996,6.067352489163166,4.9704122754889895,3.670886075949367
197,f1_esp,8.691640334431918,0.3035699778152996,6.067352489163166,4.9704122754889895,3.670886075949367
198,f1_esp,8.691640334431918,0.3035699778152996,6.067352489163166,4.9704122754889895,3.670886075949367
199,f1_esp,9.17817637478197,0.2010498732387994,5.908411176179707,4.981820714472552,3.8818565400843887
200,f1_esp,9.17817637478197,0.2010498732387994,5.908411176179707,4.981820714472552,3.8818565400843887
201,f1_esp,9.17817637478197,0.2010498732387994,5.908411176179707,4.981820714472552,3.8818565400843887
202,f1_esp,9.17817637478197,0.2010498732387994,5.908411176179707,4.981820714472552,3.8818565400843887
203,f1_esp,9.17817637478197,0.2010498732387994,5.908411176179707,4.981820714472552,3.8818565400843887
204,f1_esp,9.17817637478197,0.2010498732387994,5.908411176179707,4.981820714472552,3.8818565400843887
205,f1_esp,9.17817637478197,0.2010498732387994,5.908411176179707,4.981820714472552,3.8818565400843887
206,f1_esp,9.17817637478197,0.2010498732387994,5.908411176179707,4.981820714472552,3.8818565400843887
207,f1_esp,9.17817637478197,0.2010498732387994,5.908411176179707,4.981820714472552,3.8818565400843887
208,f1_esp,9.17817637478197,0.2010498732387994,5.908411176179707,4.981820714472552,3.8818565400843887
209,f1_esp,9.617652736376023,0.08188937925136003,6.05238278885464,4.030820714472548,4.050632911392406
210,f1_esp,9.617652736376023,0.08188937925136003,6.05238278885464,4.030820714472548,4.050632911392406
211,f1_esp,9.617652736376023,0.08188937925136003,6.05238278885464,4.030820714472548,4.050632911392406
212,f1_esp,9.617652736376023,0.08188937925136003,6.05238278885464,4.030820714472548,4.050632911392406
213,f1_esp,9.617652736376023,0.08188937925136003,6.05238278885464,4.030820714472548,4.050632911392406
214,f1_esp,9.617652736376023,0.08188937925136003,6.05238278885464,4.030820714472548,4.050632911392406
215,f1_esp,9.617652736376023,0.08188937925136003,6.05238278885464,4.030820714472548,4.050632911392406
216,f1_esp,9.617652736376023,0.08188937925136003,6.05238278885464,4.030820714472548,4.050632911392406
217,f1_esp,9.617652736376023,0.08188937925136003,6.05238278885464,4.030820714472548,4.050632911392406
218,f1_esp,9.617652736376023,0.08188937925136003,6.05238278885464,4.030820714472548,4.050632911392406
219,f1_esp,10.033960487295856,0.02004074283485679,6.281114373236883,4.40405895122678,4.219409282700423
220,f1_esp,10.033960487295856,0.02004074283485679,6.281114373236883,4.40405895122678,4.219409282700423
221,f1_esp,10.033960487295856,0.02004074283485679,6.281114373236883,4.40405895122678,4.219409282700423
222,f1_esp,10.033960487295856,0.02004074283485679,6.281114373236883,4.40405895122678,4.219409282700423
223,f1_esp,10.033960487295856,0.02004074283485679,6.281114373236883,4.40405895122678,4.219409282700423
224,f1_esp,10.033960487295856,0.02004074283485679,6.281114373236883,4.40405895122678,4.219409282700423
225,f1_esp,10.033960487295856,0.02004074283485679,6.281114373236883,4.40405895122678,4.219409282700423
226,f1_esp,10.033960487295856,0.02004074283485679,6.281114373236883,4.40405895122678,4.219409282700423
227,f1_esp,10.033960487295856,0.02004074283485679,6.281114373236883,4.40405895122678,4.219409282700423
228,f1_esp,10.033960487295856,0.02004074283485679,6.281114373236883,4.40405895122678,4.219409282700423
229,f1_esp,10.485332985620751,0.025921184380828206,0.12237616917524285,4.633878559597581,4.4303797468354436
230,f1_esp,10.485332985620751,0.025921184380828206,0.12237616917524285,4.633878559597581,4.4303797468354436
231,f1_esp,10.485332985620751,0.025921184380828206,0.12237616917524285,4.633878559597581,4.4303797468354436
232,f1_esp,10.485332985620751,0.025921184380828206,0.12237616917524285,4.633878559597581,4.4303797468354436
233,f1_esp,10.485332985620751,0.025921184380828206,0.12237616917524285,4.633878559597581,4.4303797468354436
234,f1_esp,10.485332985620751,0.025921184380828206,0.12237616917524285,4.633878559597581,4.4303797468354436
235,f1_esp,10.485332985620751,0.025921184380828206,0.12237616917524285,4.633878559597581,4.4303797468354436
236,f1_esp,10.485332985620751,0.025921184380828206,0.12237616917524285,4.633878559597581,4.4303797468354436
237,f1_esp,10.485332985620751,0.025921184380828206,0.12237616917524285,4.633878559597581,4.4303797468354436
238,f1_esp,10.485332985620751,0.025921184380828206,0.12237616917524285,4.633878559597581,4.4303797468354436
239,f1_esp,10.954835385403292,0.05339694691414283,0.04007850482022953,4.775062118128548,4.641350210970465
240,f1_esp,10.954835385403292,0.05339694691414283,0.04007850482022953,4.775062118128548,4.641350210970465
241,f1_esp,10.954835385403292,0.05339694691414283,0.04007850482022953,4.775062118128548,4.641350210970465
242,f1_esp,10.954835385403292,0.05339694691414283,0.04007850482022953,4.775062118128548,4.641350210970465
243,f1_esp,10.954835385403292,0.05339694691414283,0.04007850482022953,4.775062118128548,4.641350210970465
244,f1_esp,10.954835385403292,0.05339694691414283,0.04007850482022953,4.775062118128548,4.641350210970465
245,f1_esp,10.954835385403292,0.05339694691414283,0.04007850482022953,4.775062118128548,4.641350210970465
246,f1_esp,10.954835385403292,0.05339694691414283,0.04007850482022953,4.775062118128548,4.641350210970465
247,f1_esp,10.954835385403292,0.05339694691414283,0.04007850482022953,4.775062118128548,4.641350210970465
248,f1_esp,10.954835385403292,0.05339694691414283,0.04007850482022953,4.775062118128548,4.641350210970465
249,f1_esp,11.434932410219321,0.09268159017689735,0.1420823902736437,4.861805825494894,4.810126582278482
250,f1_esp,11.434932410219321,0.09268159017689735,0.1420823902736437,4.861805825494894,4.810126582278482
251,f1_esp,11.434932410219321,0.09268159017689735,0.1420823902736437,4.861805825494894,4.810126582278482
252,f1_esp,11.434932410219321,0.09268159017689735,0.1420823902736437,4.861805825494894,4.810126582278482
253,f1_esp,11.434932410219321,0.09268159017689735,0.1420823902736437,4.861805825494894,4.810126582278482
254,f1_esp,11.434932410219321,0.09268159017689735,0.1420823902736437,4.861805825494894,4.810126582278482
255,f1_esp,11.434932410219321,0.09268159017689735,0.1420823902736437,4.861805825494894,4.810126582278482
256,f1_esp,11.434932410219321,0.09268159017689735,0.1420823902736437,4.861805825494894,4.810126582278482
257,f1_esp,11.434932410219321,0.09268159017689735,0.1420823902736437,4.861805825494894,4.810126582278482
258,f1_esp,11.434932410219321,0.09268159017689735,0.1420823902736437,4.861805825494894,4.810126582278482
259,f1_esp,11.91803382545603,0.1661547899237106,0.2435592154551129,4.91504544889302,5.021097046413503
260,f1_esp,11.91803382545603,0.1661547899237106,0.2435592154551129,4.91504544889302,5.021097046413503
261,f1_esp,11.91803382545603,0.1661547899237106,0.2435592154551129,4.91504544889302,5.021097046413503
262,f1_esp,11.91803382545603,0.1661547899237106,0.2435592154551129,4.91504544889302,5.021097046413503
263,f1_esp,11.91803382545603,0.1661547899237106,0.2435592154551129,4.91504544889302,5.021097046413503
264,f1_esp,11.91803382545603,0.1661547899237106,0.2435592154551129,4.91504544889302,5.021097046413503
265,f1_esp,11.91803382545603,0.1661547899237106,0.2435592154551129,4.91504544889302,5.021097046413503
266,f1_esp,11.91803382545603,0.1661547899237106,0.2435592154551129,4.91504544889302,5.021097046413503
267,f1_esp,11.91803382545603,0.1661547899237106,0.2435592154551129,4.91504544889302,5.021097046413503
268,f1_esp,11.91803382545603,0.1661547899237106,0.2435592154551129,4.91504544889302,5.021097046413503
269,f1_esp,12.386702941549213,0.27089123908895535,0.27704002251325116,4.7314841148108036,5.232067510548524
270,f1_esp,12.386702941549213,0.27089123908895535,0.27704002251325116,4.7314841148108036,5.232067510548524
271,f1_esp,12.386702941549213,0.27089123908895535,0.27704002251325116,4.7314841148108036,5.232067510548524
272,f1_esp,12.386702941549213,0.27089123908895535,0.27704002251325116,4.7314841148108036,5.232067510548524
273,f1_esp,12.386702941549213,0.27089123908895535,0.27704002251325116,4.7314841148108036,5.232067510548524
274,f1_esp,12.386702941549213,0.27089123908895535,0.27704002251325116,4.7314841148108036,5.232067510548524
275,f1_esp,12.386702941549213,0.27089123908895535,0.27704002251325116,4.7314841148108036,5.232067510548524
276,f1_esp,12.386702941549213,0.27089123908895535,0.27704002251325116,4.7314841148108036,5.232067510548524
277,f1_esp,12.386702941549213,0.27089123908895535,0.27704002251325116,4.7314841148108036,5.232067510548524
278,f1_esp,12.386702941549213,0.27089123908895535,0.27704002251325116,4.7314841148108036,5.232067510548524
279,f1_esp,12.850046824680419,0.38035107462413315,0.19025225044053978,4.792242018670963,5.443037974683545
280,f1_esp,12.850046824680419,0.38035107462413315,0.19025225044053978,4.792242018670963,5.443037974683545
281,f1_esp,12.850046824680419,0.38035107462413315,0.19025225044053978,4.792242018670963,5.443037974683545
282,f1_esp,12.850046824680419,0.38035107462413315,0.19025225044053978,4.792242018670963,5.443037974683545
283,f1_esp,12.850046824680419,0.38035107462413315,0.19025225044053978,4.792242018670963,5.443037974683545
284,f1_esp,12.850046824680419,0.38035107462413315,0.19025225044053978,4.792242018670963,5.443037974683545
285,f1_esp,12.850046824680419,0.38035107462413315,0.19025225044053978,4.792242018670963,5.443037974683545
286,f1_esp,12.850046824680419,0.38035107462413315,0.19025225044053978,4.792242018670963,5.443037974683545
287,f1_esp,12.850046824680419,0.38035107462413315,0.19025225044053978,4.792242018670963,5.443037974683545
288,f1_esp,12.850046824680419,0.38035107462413315,0.19025225044053978,4.792242018670963,5.443037974683545
289,f1_esp,13.325526246517851,0.45445494906185196,0.024029712854832415,4.836797452988248,5.611814345991562
290,f1_esp,13.325526246517851,0.45445494906185196,0.024029712854832415,4.836797452988248,5.611814345991562
291,f1_esp,13.325526246517851,0.45445494906185196,0.024029712854832415,4.836797452988248,5.611814345991562
292,f1_esp,13.325526246517851,0.45445494906185196,0.024029712854832415,4.836797452988248,5.611814345991562
293,f1_esp,13.325526246517851,0.45445494906185196,0.024029712854832415,4.836797452988248,5.611814345991562
294,f1_esp,13.325526246517851,0.45445494906185196,0.024029712854832415,4.836797452988248,5.611814345991562
295,f1_esp,13.325526246517851,0.45445494906185196,0.024029712854832415,4.836797452988248,5.611814345991562
296,f1_esp,13.325526246517851,0.45445494906185196,0.024029712854832415,4.836797452988248,5.611814345991562
297,f1_esp,13.325526246517851,0.45445494906185196,0.024029712854832415,4.836797452988248,5.611814345991562
298,f1_esp,13.325526246517851,0.45445494906185196,0.024029712854832415,4.836797452988248,5.611814345991562
299,f1_esp,13.811238891130808,0.48471859052856536,0.007220891112970307,4.898960018560392,5.822784810126583
300,f1_esp,13.811238891130808,0.48471859052856536,0.007220891112970307,4.898960018560392,5.822784810126583
301,f1_esp,13.811238891130808,0.48471859052856536,0.007220891112970307,4.898960018560392,5.822784810126583
302,f1_esp,13.811238891130808,0.48471859052856536,0.007220891112970307,4.898960018560392,5.822784810126583
303,f1_esp,13.811238891130808,0.48471859052856536,0.007220891112970307,4.898960018560392,5.822784810126583
304,f1_esp,13.811238891130808,0.48471859052856536,0.007220891112970307,4.898960018560392,5.822784810126583
305,f1_esp,13.811238891130808,0.48471859052856536,0.007220891112970307,4.898960018560392,5.822784810126583
306,f1_esp,13.811238891130808,0.48471859052856536,0.007220891112970307,4.898960018560392,5.822784810126583
307,f1_esp,13.811238891130808,0.48471859052856536,0.007220891112970307,4.898960018560392,5.822784810126583
308,f1_esp,13.811238891130808,0.48471859052856536,0.007220891112970307,4.898960018560392,5.822784810126583
309,f1_esp,14.302303552484137,0.5106092650630487,0.09758412656446418,4.937020545998651,6.033755274261605
310,f1_esp,14.302303552484137,0.5106092650630487,0.09758412656446418,4.937020545998651,6.033755274261605
311,f1_esp,14.302303552484137,0.5106092650630487,0.09758412656446418,4.937020545998651,6.033755274261605
312,f1_esp,14.302303552484137,0.5106092650630487,0.09758412656446418,4.937020545998651,6.033755274261605
313,f1_esp,14.302303552484137,0.5106092650630487,0.09758412656446418,4.937020545998651,6.033755274261605
314,f1_esp,14.302303552484137,0.5106092650630487,0.09758412656446418,4.937020545998651,6.033755274261605
315,f1_esp,14.302303552484137,0.5106092650630487,0.09758412656446418,4.937020545998651,6.033755274261605
316,f1_esp,14.302303552484137,0.5106092650630487,0.09758412656446418,4.937020545998651,6.033755274261605
317,f1_esp,14.302303552484137,0.5106092650630487,0.09758412656446418,4.937020545998651,6.033755274261605
318,f1_esp,14.302303552484137,0.5106092650630487,0.09758412656446418,4.937020545998651,6.033755274261605
319,f1_esp,14.795265058446601,0.5531291752148924,0.12220310360148218,4.959563766441764,6.2447257383966255
320,f1_esp,14.795265058446601,0.5531291752148924,0.12220310360148218,4.959563766441764,6.2447257383966255
321,f1_esp,14.795265058446601,0.5531291752148924,0.12220310360148218,4.959563766441764,6.2447257383966255
322,f1_esp,14.795265058446601,0.5531291752148924,0.12220310360148218,4.959563766441764,6.2447257383966255
323,f1_esp,14.795265058446601,0.5531291752148924,0.12220310360148218,4.959563766441764,6.2447257383966255
324,f1_esp,14.795265058446601,0.5531291752148924,0.12220310360148218,4.959563766441764,6.2447257383966255
325,f1_esp,14.795265058446601,0.5531291752148924,0.12220310360148218,4.959563766441764,6.2447257383966255
326,f1_esp,14.795265058446601,0.5531291752148924,0.12220310360148218,4.959563766441764,6.2447257383966255
327,f1_esp,14.795265058446601,0.5531291752148924,0.12220310360148218,4.959563766441764,6.2447257383966255
328,f1_esp,14.795265058446601,0.5531291752148924,0.12220310360148218,4.959563766441764,6.2447257383966255
329,f1_esp,15.290049532135525,0.5958043362776837,0.03530479058558619,4.973776334562222,6.455696202531646
330,f1_esp,15.290049532135525,0.5958043362776837,0.03530479058558619,4.973776334562222,6.455696202531646
331,f1_esp,15.290049532135525,0.5958043362776837,0.03530479058558619,4.973776334562222,6.455696202531646
332,f1_esp,15.290049532135525,0.5958043362776837,0.03530479058558619,4.973776334562222,6.455696202531646
333,f1_esp,15.290049532135525,0.5958043362776837,0.03530479058558619,4.973776334562222,6.455696202531646
334,f1_esp,15.290049532135525,0.5958043362776837,0.03530479058558619,4.973776334562222,6.455696202531646
335,f1_esp,15.290049532135525,0.5958043362776837,0.03530479058558619,4.973776334562222,6.455696202531646
336,f1_esp,15.290049532135525,0.5958043362776837,0.03530479058558619,4.973776334562222,6.455696202531646
337,f1_esp,15.290049532135525,0.5958043362776837,0.03530479058558619,4.973776334562222,6.455696202531646
338,f1_esp,15.290049532135525,0.5958043362776837,0.03530479058558619,4.973776334562222,6.455696202531646
339,f1_esp,15.787451005013926,0.5902885393046108,6.111193780753041,4.983338270590947,6.624472573839664
340,f1_esp,15.787451005013926,0.5902885393046108,6.111193780753041,4.983338270590947,6.624472573839664
341,f1_esp,15.787451005013926,0.5902885393046108,6.111193780753041,4.983338270590947,6.624472573839664
342,f1_esp,15.787451005013926,0.5902885393046108,6.111193780753041,4.983338270590947,6.624472573839664
343,f1_esp,15.787451005013926,0.5902885393046108,6.111193780753041,4.983338270590947,6.624472573839664
344,f1_esp,15.787451005013926,0.5902885393046108,6.111193780753041,4.983338270590947,6.624472573839664
345,f1_esp,15.787451005013926,0.5902885393046108,6.111193780753041,4.983338270590947,6.624472573839664
346,f1_esp,15.787451005013926,0.5902885393046108,6.111193780753041,4.983338270590947,6.624472573839664
347,f1_esp,15.787451005013926,0.5902885393046108,6.111193780753041,4.983338270590947,6.624472573839664
348,f1_esp,15.787451005013926,0.5902885393046108,6.111193780753041,4.983338270590947,6.624472573839664
349,f1_esp,16.282478599208797,0.5310995304894889,6.097471543357484,4.989763610217863,6.835443037974685
350,f1_esp,16.282478599208797,0.5310995304894889,6.097471543357484,4.989763610217863,6.835443037974685
351,f1_esp,16.282478599208797,0.5310995304894889,6.097471543357484,4.989763610217863,6.835443037974685
352,f1_esp,16.282478599208797,0.5310995304894889,6.097471543357484,4.989763610217863,6.835443037974685
353,f1_esp,16.282478599208797,0.5310995304894889,6.097471543357484,4.989763610217863,6.835443037974685
354,f1_esp,16.282478599208797,0.5310995304894889,6.097471543357484,4.989763610217863,6.835443037974685
355,f1_esp,16.282478599208797,0.5310995304894889,6.097471543357484,4.989763610217863,6.835443037974685
356,f1_esp,16.282478599208797,0.5310995304894889,6.097471543357484,4.989763610217863,6.835443037974685
357,f1_esp,16.282478599208797,0.5310995304894889,6.097471543357484,4.989763610217863,6.835443037974685
358,f1_esp,16.282478599208797,0.5310995304894889,6.097471543357484,4.989763610217863,6.835443037974685
359,f1_esp,16.7771769291702,0.46460091166719564,6.200536937971312,4.993710980198263,7.08860759493671
360,f1_esp,16.7771769291702,0.46460091166719564,6.200536937971312,4.993710980198263,7.08860759493671
361,f1_esp,16.7771769291702,0.46460091166719564,6.200536937971312,4.993710980198263,7.08860759493671
362,f1_esp,16.7771769291702,0.46460091166719564,6.200536937971312,4.993710980198263,7.08860759493671
363,f1_esp,16.7771769291702,0.46460091166719564,6.200536937971312,4.993710980198263,7.08860759493671
364,f1_esp,16.7771769291702,0.46460091166719564,6.200536937971312,4.993710980198263,7.08860759493671
365,f1_esp,16.7771769291702,0.46460091166719564,6.200536937971312,4.993710980198263,7.08860759493671
366,f1_esp,16.7771769291702,0.46460091166719564,6.200536937971312,4.993710980198263,7.08860759493671
367,f1_esp,16.7771769291702,0.46460091166719564,6.200536937971312,4.993710980198263,7.08860759493671
368,f1_esp,16.7771769291702,0.46460091166719564,6.200536937971312,4.993710980198263,7.08860759493671
369,f1_esp,17.27495353977657,0.4243290425395099,6.278285268680761,4.996136218358814,7.299578059071732
370,f1_esp,17.27495353977657,0.4243290425395099,6.278285268680761,4.996136218358814,7.299578059071732
371,f1_esp,17.27495353977657,0.4243290425395099,6.278285268680761,4.996136218358814,7.299578059071732
372,f1_esp,17.27495353977657,0.4243290425395099,6.278285268680761,4.996136218358814,7.299578059071732
373,f1_esp,17.27495353977657,0.4243290425395099,6.278285268680761,4.996136218358814,7.299578059071732
374,f1_esp,17.27495353977657,0.4243290425395099,6.278285268680761,4.996136218358814,7.299578059071732
375,f1_esp,17.27495353977657,0.4243290425395099,6.278285268680761,4.996136218358814,7.299578059071732
376,f1_esp,17.27495353977657,0.4243290425395099,6.278285268680761,4.996136218358814,7.299578059071732
377,f1_esp,17.27495353977657,0.4243290425395099,6.278285268680761,4.996136218358814,7.299578059071732
378,f1_esp,17.27495353977657,0.4243290425395099,6.278285268680761,4.996136218358814,7.299578059071732
379,f1_esp,17.77443915878152,0.4116682959521379,0.01775569314989182,4.997625264562027,7.5105485232067535
380,f1_esp,17.77443915878152,0.4116682959521379,0.01775569314989182,4.997625264562027,7.5105485232067535
381,f1_esp,17.77443915878152,0.4116682959521379,0.01775569314989182,4.997625264562027,7.5105485232067535
382,f1_esp,17.77443915878152,0.4116682959521379,0.01775569314989182,4.997625264562027,7.5105485232067535
383,f1_esp,17.77443915878152,0.4116682959521379,0.01775569314989182,4.997625264562027,7.5105485232067535
384,f1_esp,17.77443915878152,0.4116682959521379,0.01775569314989182,4.997625264562027,7.5105485232067535
385,f1_esp,17.77443915878152,0.4116682959521379,0.01775569314989182,4.997625264562027,7.5105485232067535
386,f1_esp,17.77443915878152,0.4116682959521379,0.01775569314989182,4.997625264562027,7.5105485232067535
387,f1_esp,17.77443915878152,0.4116682959521379,0.01775569314989182,4.997625264562027,7.5105485232067535
388,f1_esp,17.77443915878152,0.4116682959521379,0.01775569314989182,4.997625264562027,7.5105485232067535
389,f1_esp,18.274019456064117,0.4110247243449811,0.011140395673968868,4.994795151788871,7.721518987341774
390,f1_esp,18.274019456064117,0.4110247243449811,0.011140395673968868,4.994795151788871,7.721518987341774
391,f1_esp,18.274019456064117,0.4110247243449811,0.011140395673968868,4.994795151788871,7.721518987341774
392,f1_esp,18.274019456064117,0.4110247243449811,0.011140395673968868,4.994795151788871,7.721518987341774
393,f1_esp,18.274019456064117,0.4110247243449811,0.011140395673968868,4.994795151788871,7.721518987341774
394,f1_esp,18.274019456064117,0.4110247243449811,0.011140395673968868,4.994795151788871,7.721518987341774
395,f1_esp,18.274019456064117,0.4110247243449811,0.011140395673968868,4.994795151788871,7.721518987341774
396,f1_esp,18.274019456064117,0.4110247243449811,0.011140395673968868,4.994795151788871,7.721518987341774
397,f1_esp,18.274019456064117,0.4110247243449811,0.011140395673968868,4.994795151788871,7.721518987341774
398,f1_esp,18.274019456064117,0.4110247243449811,0.011140395673968868,4.994795151788871,7.721518987341774
399,f1_esp,18.773145452410713,0.428844747839268,0.09385726068713962,4.994972646721149,7.932489451476796
400,f1_esp,18.773145452410713,0.428844747839268,0.09385726068713962,4.994972646721149,7.932489451476796
401,f1_esp,18.773145452410713,0.428844747839268,0.09385726068713962,4.994972646721149,7.932489451476796
402,f1_esp,18.773145452410713,0.428844747839268,0.09385726068713962,4.994972646721149,7.932489451476796
403,f1_esp,18.773145452410713,0.428844747839268,0.09385726068713962,4.994972646721149,7.932489451476796
404,f1_esp,18.773145452410713,0.428844747839268,0.09385726068713962,4.994972646721149,7.932489451476796
405,f1_esp,18.773145452410713,0.428844747839268,0.09385726068713962,4.994972646721149,7.932489451476796
406,f1_esp,18.773145452410713,0.428844747839268,0.09385726068713962,4.994972646721149,7.932489451476796
407,f1_esp,18.773145452410713,0.428844747839268,0.09385726068713962,4.994972646721149,7.932489451476796
408,f1_esp,18.773145452410713,0.428844747839268,0.09385726068713962,4.994972646721149,7.932489451476796
409,f1_esp,19.271368269538126,0.46543546881988807,0.09176205107546048,4.996551510650969,8.143459915611816
410,f1_esp,19.271368269538126,0.46543546881988807,0.09176205107546048,4.996551510650969,8.143459915611816
411,f1_esp,19.271368269538126,0.46543546881988807,0.09176205107546048,4.996551510650969,8.143459915611816
412,f1_esp,19.271368269538126,0.46543546881988807,0.09176205107546048,4.996551510650969,8.143459915611816
413,f1_esp,19.271368269538126,0.46543546881988807,0.09176205107546048,4.996551510650969,8.143459915611816
414,f1_esp,19.271368269538126,0.46543546881988807,0.09176205107546048,4.996551510650969,8.143459915611816
415,f1_esp,19.271368269538126,0.46543546881988807,0.09176205107546048,4.996551510650969,8.143459915611816
416,f1_esp,19.271368269538126,0.46543546881988807,0.09176205107546048,4.996551510650969,8.143459915611816
417,f1_esp,19.271368269538126,0.46543546881988807,0.09176205107546048,4.996551510650969,8.143459915611816
418,f1_esp,19.271368269538126,0.46543546881988807,0.09176205107546048,4.996551510650969,8.143459915611816
419,f1_esp,19.77066425176002,0.4795731828594154,6.185248025305362,4.997735590945442,8.354430379746837
420,f1_esp,19.77066425176002,0.4795731828594154,6.185248025305362,4.997735590945442,8.354430379746837
421,f1_esp,19.77066425176002,0.4795731828594154,6.185248025305362,4.997735590945442,8.354430379746837
422,f1_esp,19.77066425176002,0.4795731828594154,6.185248025305362,4.997735590945442,8.354430379746837
423,f1_esp,19.77066425176002,0.4795731828594154,6.185248025305362,4.997735590945442,8.354430379746837
424,f1_esp,19.77066425176002,0.4795731828594154,6.185248025305362,4.997735590945442,8.354430379746837
425,f1_esp,19.77066425176002,0.4795731828594154,6.185248025305362,4.997735590945442,8.354430379746837
426,f1_esp,19.77066425176002,0.4795731828594154,6.185248025305362,4.997735590945442,8.354430379746837
427,f1_esp,19.77066425176002,0.4795731828594154,6.185248025305362,4.997735590945442,8.354430379746837
428,f1_esp,19.77066425176002,0.4795731828594154,6.185248025305362,4.997735590945442,8.354430379746837
429,f1_esp,20.26717561162942,0.4257365090855706,6.005334153902889,4.998603692212109,8.565400843881859
430,f1_esp,20.26717561162942,0.4257365090855706,6.005334153902889,4.998603692212109,8.565400843881859
431,f1_esp,20.26717561162942,0.4257365090855706,6.005334153902889,4.998603692212109,8.565400843881859
432,f1_esp,20.26717561162942,0.4257365090855706,6.005334153902889,4.998603692212109,8.565400843881859
433,f1_esp,20.26717561162942,0.4257365090855706,6.005334153902889,4.998603692212109,8.565400843881859
434,f1_esp,20.26717561162942,0.4257365090855706,6.005334153902889,4.998603692212109,8.565400843881859
435,f1_esp,20.26717561162942,0.4257365090855706,6.005334153902889,4.998603692212109,8.565400843881859
436,f1_esp,20.26717561162942,0.4257365090855706,6.005334153902889,4.998603692212109,8.565400843881859
437,f1_esp,20.26717561162942,0.4257365090855706,6.005334153902889,4.998603692212109,8.565400843881859
438,f1_esp,20.26717561162942,0.4257365090855706,6.005334153902889,4.998603692212109,8.565400843881859
439,f1_esp,20.75859120949835,0.33413263326461484,6.107363227988731,4.999129248315291,8.776371308016879
440,f1_esp,20.75859120949835,0.33413263326461484,6.107363227988731,4.999129248315291,8.776371308016879
441,f1_esp,20.75859120949835,0.33413263326461484,6.107363227988731,4.999129248315291,8.776371308016879
442,f1_esp,20.75859120949835,0.33413263326461484,6.107363227988731,4.999129248315291,8.776371308016879
443,f1_esp,20.75859120949835,0.33413263326461484,6.107363227988731,4.999129248315291,8.776371308016879
444,f1_esp,20.75859120949835,0.33413263326461484,6.107363227988731,4.999129248315291,8.776371308016879
445,f1_esp,20.75859120949835,0.33413263326461484,6.107363227988731,4.999129248315291,8.776371308016879
446,f1_esp,20.75859120949835,0.33413263326461484,6.107363227988731,4.999129248315291,8.776371308016879
447,f1_esp,20.75859120949835,0.33413263326461484,6.107363227988731,4.999129248315291,8.776371308016879
448,f1_esp,20.75859120949835,0.33413263326461484,6.107363227988731,4.999129248315291,8.776371308016879
449,f1_esp,21.253258144012868,0.2629217500230144,6.244386943362159,4.999438635370145,8.9873417721519
450,f1_esp,21.253258144012868,0.2629217500230144,6.244386943362159,4.999438635370145,8.9873417721519
451,f1_esp,21.253258144012868,0.2629217500230144,6.244386943362159,4.999438635370145,8.9873417721519
452,f1_esp,21.253258144012868,0.2629217500230144,6.244386943362159,4.999438635370145,8.9873417721519
453,f1_esp,21.253258144012868,0.2629217500230144,6.244386943362159,4.999438635370145,8.9873417721519
454,f1_esp,21.253258144012868,0.2629217500230144,6.244386943362159,4.999438635370145,8.9873417721519
455,f1_esp,21.253258144012868,0.2629217500230144,6.244386943362159,4.999438635370145,8.9873417721519
456,f1_esp,21.253258144012868,0.2629217500230144,6.244386943362159,4.999438635370145,8.9873417721519
457,f1_esp,21.253258144012868,0.2629217500230144,6.244386943362159,4.999438635370145,8.9873417721519
458,f1_esp,21.253258144012868,0.2629217500230144,6.244386943362159,4.999438635370145,8.9873417721519
459,f1_esp,21.752385356147027,0.23716263637572385,0.039681248750856504,4.999603218430485,9.198312236286922
460,f1_esp,21.752385356147027,0.23716263637572385,0.039681248750856504,4.999603218430485,9.198312236286922
461,f1_esp,21.752385356147027,0.23716263637572385,0.039681248750856504,4.999603218430485,9.198312236286922
462,f1_esp,21.752385356147027,0.23716263637572385,0.039681248750856504,4.999603218430485,9.198312236286922
463,f1_esp,21.752385356147027,0.23716263637572385,0.039681248750856504,4.999603218430485,9.198312236286922
464,f1_esp,21.752385356147027,0.23716263637572385,0.039681248750856504,4.999603218430485,9.198312236286922
465,f1_esp,21.752385356147027,0.23716263637572385,0.039681248750856504,4.999603218430485,9.198312236286922
466,f1_esp,21.752385356147027,0.23716263637572385,0.039681248750856504,4.999603218430485,9.198312236286922
467,f1_esp,21.752385356147027,0.23716263637572385,0.039681248750856504,4.999603218430485,9.198312236286922
468,f1_esp,21.752385356147027,0.23716263637572385,0.039681248750856504,4.999603218430485,9.198312236286922
469,f1_esp,22.252304024149918,0.2343406067679295,6.262203266050267,4.99917142505984,9.409282700421942
470,f1_esp,22.252304024149918,0.2343406067679295,6.262203266050267,4.99917142505984,9.409282700421942
471,f1_esp,22.252304024149918,0.2343406067679295,6.262203266050267,4.99917142505984,9.409282700421942
472,f1_esp,22.252304024149918,0.2343406067679295,6.262203266050267,4.99917142505984,9.409282700421942
473,f1_esp,22.252304024149918,0.2343406067679295,6.262203266050267,4.99917142505984,9.409282700421942
474,f1_esp,22.252304024149918,0.2343406067679295,6.262203266050267,4.99917142505984,9.409282700421942
475,f1_esp,22.252304024149918,0.2343406067679295,6.262203266050267,4.99917142505984,9.409282700421942
476,f1_esp,22.252304024149918,0.2343406067679295,6.262203266050267,4.99917142505984,9.409282700421942
477,f1_esp,22.252304024149918,0.2343406067679295,6.262203266050267,4.99917142505984,9.409282700421942
478,f1_esp,22.252304024149918,0.2343406067679295,6.262203266050267,4.99917142505984,9.409282700421942
479,f1_esp,22.750196964044523,0.19358490535293268,6.041967811880159,4.998871477264516,9.578059071729959
480,f1_esp,22.750196964044523,0.19358490535293268,6.041967811880159,4.998871477264516,9.578059071729959
481,f1_esp,22.750196964044523,0.19358490535293268,6.041967811880159,4.998871477264516,9.578059071729959
482,f1_esp,22.750196964044523,0.19358490535293268,6.041967811880159,4.998871477264516,9.578059071729959
483,f1_esp,22.750196964044523,0.19358490535293268,6.041967811880159,4.998871477264516,9.578059071729959
484,f1_esp,22.750196964044523,0.19358490535293268,6.041967811880159,4.998871477264516,9.578059071729959
485,f1_esp,22.750196964044523,0.19358490535293268,6.041967811880159,4.998871477264516,9.578059071729959
486,f1_esp,22.750196964044523,0.19358490535293268,6.041967811880159,4.998871477264516,9.578059071729959
487,f1_esp,22.750196964044523,0.19358490535293268,6.041967811880159,4.998871477264516,9.578059071729959
488,f1_esp,22.750196964044523,0.19358490535293268,6.041967811880159,4.998871477264516,9.578059071729959
489,f1_esp,23.23461468331999,0.07347834744197947,5.8127062885081715,4.998560859902487,9.78902953586498
490,f1_esp,23.23461468331999,0.07347834744197947,5.8127062885081715,4.998560859902487,9.78902953586498
491,f1_esp,23.23461468331999,0.07347834744197947,5.8127062885081715,4.998560859902487,9.78902953586498
492,f1_esp,23.23461468331999,0.07347834744197947,5.8127062885081715,4.998560859902487,9.78902953586498
493,f1_esp,23.23461468331999,0.07347834744197947,5.8127062885081715,4.998560859902487,9.78902953586498
494,f1_esp,23.23461468331999,0.07347834744197947,5.8127062885081715,4.998560859902487,9.78902953586498
495,f1_esp,23.23461468331999,0.07347834744197947,5.8127062885081715,4.998560859902487,9.78902953586498
496,f1_esp,23.23461468331999,0.07347834744197947,5.8127062885081715,4.998560859902487,9.78902953586498
497,f1_esp,23.23461468331999,0.07347834744197947,5.8127062885081715,4.998560859902487,9.78902953586498
498,f1_esp,23.23461468331999,0.07347834744197947,5.8127062885081715,4.998560859902487,9.78902953586498
499,f1_esp,23.685024837162153,-0.14181129572878334,5.624919325325517,4.9988028053879825,9.957805907172997
500,f1_esp,23.685024837162153,-0.14181129572878334,5.624919325325517,4.9988028053879825,9.957805907172997
501,f1_esp,23.685024837162153,-0.14181129572878334,5.624919325325517,4.9988028053879825,9.957805907172997
502,f1_esp,23.685024837162153,-0.14181129572878334,5.624919325325517,4.9988028053879825,9.957805907172997
503,f1_esp,23.685024837162153,-0.14181129572878334,5.624919325325517,4.9988028053879825,9.957805907172997
504,f1_esp,23.685024837162153,-0.14181129572878334,5.624919325325517,4.9988028053879825,9.957805907172997
505,f1_esp,23.685024837162153,-0.14181129572878334,5.624919325325517,4.9988028053879825,9.957805907172997
506,f1_esp,23.685024837162153,-0.14181129572878334,5.624919325325517,4.9988028053879825,9.957805907172997
507,f1_esp,23.685024837162153,-0.14181129572878334,5.624919325325517,4.9988028053879825,9.957805907172997
508,f1_esp,23.685024837162153,-0.14181129572878334,5.624919325325517,4.9988028053879825,9.957805907172997
509,f1_esp,24.094360538693262,-0.42755566323138156,5.537329454904505,4.994658481918436,10.168776371308018
510,f1_esp,24.094360538693262,-0.42755566323138156,5.537329454904505,4.994658481918436,10.168776371308018
511,f1_esp,24.094360538693262,-0.42755566323138156,5.537329454904505,4.994658481918436,10.168776371308018
512,f1_esp,24.094360538693262,-0.42755566323138156,5.537329454904505,4.994658481918436,10.168776371308018
513,f1_esp,24.094360538693262,-0.42755566323138156,5.537329454904505,4.994658481918436,10.168776371308018
514,f1_esp,24.094360538693262,-0.42755566323138156,5.537329454904505,4.994658481918436,10.168776371308018
515,f1_esp,24.094360538693262,-0.42755566323138156,5.537329454904505,4.994658481918436,10.168776371308018
516,f1_esp,24.094360538693262,-0.42755566323138156,5.537329454904505,4.994658481918436,10.168776371308018
517,f1_esp,24.094360538693262,-0.42755566323138156,5.537329454904505,4.994658481918436,10.168776371308018
518,f1_esp,24.094360538693262,-0.42755566323138156,5.537329454904505,4.994658481918436,10.168776371308018
519,f1_esp,24.462214225124647,-0.7646616571721879,5.402979097039697,4.992640058274667,10.37974683544304
520,f1_esp,24.462214225124647,-0.7646616571721879,5.402979097039697,4.992640058274667,10.37974683544304
521,f1_esp,24.462214225124647,-0.7646616571721879,5.402979097039697,4.992640058274667,10.37974683544304
522,f1_esp,24.462214225124647,-0.7646616571721879,5.402979097039697,4.992640058274667,10.37974683544304
523,f1_esp,24.462214225124647,-0.7646616571721879,5.402979097039697,4.992640058274667,10.37974683544304
524,f1_esp,24.462214225124647,-0.7646616571721879,5.402979097039697,4.992640058274667,10.37974683544304
525,f1_esp,24.462214225124647,-0.7646616571721879,5.402979097039697,4.992640058274667,10.37974683544304
526,f1_esp,24.462214225124647,-0.7646616571721879,5.402979097039697,4.992640058274667,10.37974683544304
527,f1_esp,24.462214225124647,-0.7646616571721879,5.402979097039697,4.992640058274667,10.37974683544304
528,f1_esp,24.462214225124647,-0.7646616571721879,5.402979097039697,4.992640058274667,10.37974683544304
529,f1_esp,24.770451283701014,-1.1558048153399096,5.166657073727231,4.983641672065345,10.548523206751055
530,f1_esp,24.770451283701014,-1.1558048153399096,5.166657073727231,4.983641672065345,10.548523206751055
531,f1_esp,24.770451283701014,-1.1558048153399096,5.166657073727231,4.983641672065345,10.548523206751055
532,f1_esp,24.770451283701014,-1.1558048153399096,5.166657073727231,4.983641672065345,10.548523206751055
533,f1_esp,24.770451283701014,-1.1558048153399096,5.166657073727231,4.983641672065345,10.548523206751055
534,f1_esp,24.770451283701014,-1.1558048153399096,5.166657073727231,4.983641672065345,10.548523206751055
535,f1_esp,24.770451283701014,-1.1558048153399096,5.166657073727231,4.983641672065345,10.548523206751055
536,f1_esp,24.770451283701014,-1.1558048153399096,5.166657073727231,4.983641672065345,10.548523206751055
537,f1_esp,24.770451283701014,-1.1558048153399096,5.166657073727231,4.983641672065345,10.548523206751055
538,f1_esp,24.770451283701014,-1.1558048153399096,5.166657073727231,4.983641672065345,10.548523206751055
539,f1_esp,24.99044796785063,-1.602065393028925,4.9397281582126125,4.987544818742301,10.759493670886076
540,f1_esp,24.99044796785063,-1.602065393028925,4.9397281582126125,4.987544818742301,10.759493670886076
541,f1_esp,24.99044796785063,-1.602065393028925,4.9397281582126125,4.987544818742301,10.759493670886076
542,f1_esp,24.99044796785063,-1.602065393028925,4.9397281582126125,4.987544818742301,10.759493670886076
543,f1_esp,24.99044796785063,-1.602065393028925,4.9397281582126125,4.987544818742301,10.759493670886076
544,f1_esp,24.99044796785063,-1.602065393028925,4.9397281582126125,4.987544818742301,10.759493670886076
545,f1_esp,24.99044796785063,-1.602065393028925,4.9397281582126125,4.987544818742301,10.759493670886076
546,f1_esp,24.99044796785063,-1.602065393028925,4.9397281582126125,4.987544818742301,10.759493670886076
547,f1_esp,24.99044796785063,-1.602065393028925,4.9397281582126125,4.987544818742301,10.759493670886076
548,f1_esp,24.99044796785063,-1.602065393028925,4.9397281582126125,4.987544818742301,10.759493670886076
549,f1_esp,25.135116763149313,-2.079374008593829,4.89071798548568,4.992318608602456,10.928270042194093
550,f1_esp,25.135116763149313,-2.079374008593829,4.89071798548568,4.992318608602456,10.928270042194093
551,f1_esp,25.135116763149313,-2.079374008593829,4.89071798548568,4.992318608602456,10.928270042194093
552,f1_esp,25.135116763149313,-2.079374008593829,4.89071798548568,4.992318608602456,10.928270042194093
553,f1_esp,25.135116763149313,-2.079374008593829,4.89071798548568,4.992318608602456,10.928270042194093
554,f1_esp,25.135116763149313,-2.079374008593829,4.89071798548568,4.992318608602456,10.928270042194093
555,f1_esp,25.135116763149313,-2.079374008593829,4.89071798548568,4.992318608602456,10.928270042194093
556,f1_esp,25.135116763149313,-2.079374008593829,4.89071798548568,4.992318608602456,10.928270042194093
557,f1_esp,25.135116763149313,-2.079374008593829,4.89071798548568,4.992318608602456,10.928270042194093
558,f1_esp,25.135116763149313,-2.079374008593829,4.89071798548568,4.992318608602456,10.928270042194093
559,f1_esp,25.24719003991769,-2.565986459292058,4.916887291635744,4.995244117356787,11.139240506329113
560,f1_esp,25.24719003991769,-2.565986459292058,4.916887291635744,4.995244117356787,11.139240506329113
561,f1_esp,25.24719003991769,-2.565986459292058,4.916887291635744,4.995244117356787,11.139240506329113
562,f1_esp,25.24719003991769,-2.565986459292058,4.916887291635744,4.995244117356787,11.139240506329113
563,f1_esp,25.24719003991769,-2.565986459292058,4.916887291635744,4.995244117356787,11.139240506329113
564,f1_esp,25.24719003991769,-2.565986459292058,4.916887291635744,4.995244117356787,11.139240506329113
565,f1_esp,25.24719003991769,-2.565986459292058,4.916887291635744,4.995244117356787,11.139240506329113
566,f1_esp,25.24719003991769,-2.565986459292058,4.916887291635744,4.995244117356787,11.139240506329113
567,f1_esp,25.24719003991769,-2.565986459292058,4.916887291635744,4.995244117356787,11.139240506329113
568,f1_esp,25.24719003991769,-2.565986459292058,4.916887291635744,4.995244117356787,11.139240506329113
569,f1_esp,25.353899906246298,-3.0540700218109436,4.935160324845097,4.997047404852169,11.350210970464135
570,f1_esp,25.353899906246298,-3.0540700218109436,4.935160324845097,4.997047404852169,11.350210970464135
571,f1_esp,25.353899906246298,-3.0540700218109436,4.935160324845097,4.997047404852169,11.350210970464135
572,f1_esp,25.353899906246298,-3.0540700218109436,4.935160324845097,4.997047404852169,11.350210970464135
573,f1_esp,25.353899906246298,-3.0540700218109436,4.935160324845097,4.997047404852169,11.350210970464135
574,f1_esp,25.353899906246298,-3.0540700218109436,4.935160324845097,4.997047404852169,11.350210970464135
575,f1_esp,25.353899906246298,-3.0540700218109436,4.935160324845097,4.997047404852169,11.350210970464135
576,f1_esp,25.353899906246298,-3.0540700218109436,4.935160324845097,4.997047404852169,11.350210970464135
577,f1_esp,25.353899906246298,-3.0540700218109436,4.935160324845097,4.997047404852169,11.350210970464135
578,f1_esp,25.353899906246298,-3.0540700218109436,4.935160324845097,4.997047404852169,11.350210970464135
579,f1_esp,25.467569799547277,-3.540708567172372,4.975886876359684,4.998129985199444,11.561181434599156
580,f1_esp,25.467569799547277,-3.540708567172372,4.975886876359684,4.998129985199444,11.561181434599156
581,f1_esp,25.467569799547277,-3.540708567172372,4.975886876359684,4.998129985199444,11.561181434599156
582,f1_esp,25.467569799547277,-3.540708567172372,4.975886876359684,4.998129985199444,11.561181434599156
583,f1_esp,25.467569799547277,-3.540708567172372,4.975886876359684,4.998129985199444,11.561181434599156
584,f1_esp,25.467569799547277,-3.540708567172372,4.975886876359684,4.998129985199444,11.561181434599156
585,f1_esp,25.467569799547277,-3.540708567172372,4.975886876359684,4.998129985199444,11.561181434599156
586,f1_esp,25.467569799547277,-3.540708567172372,4.975886876359684,4.998129985199444,11.561181434599156
587,f1_esp,25.467569799547277,-3.540708567172372,4.975886876359684,4.998129985199444,11.561181434599156
588,f1_esp,25.467569799547277,-3.540708567172372,4.975886876359684,4.998129985199444,11.561181434599156
589,f1_esp,25.60757850488111,-4.020411122009642,5.086174584866308,4.9988101104831,11.814345991561181
590,f1_esp,25.60757850488111,-4.020411122009642,5.086174584866308,4.9988101104831,11.814345991561181
591,f1_esp,25.60757850488111,-4.020411122009642,5.086174584866308,4.9988101104831,11.814345991561181
592,f1_esp,25.60757850488111,-4.020411122009642,5.086174584866308,4.9988101104831,11.814345991561181
593,f1_esp,25.60757850488111,-4.020411122009642,5.086174584866308,4.9988101104831,11.814345991561181
594,f1_esp,25.60757850488111,-4.020411122009642,5.086174584866308,4.9988101104831,11.814345991561181
595,f1_esp,25.60757850488111,-4.020411122009642,5.086174584866308,4.9988101104831,11.814345991561181
596,f1_esp,25.60757850488111,-4.020411122009642,5.086174584866308,4.9988101104831,11.814345991561181
597,f1_esp,25.60757850488111,-4.020411122009642,5.086174584866308,4.9988101104831,11.814345991561181
598,f1_esp,25.60757850488111,-4.020411122009642,5.086174584866308,4.9988101104831,11.814345991561181
599,f1_esp,25.79728532193479,-4.4825732307875095,5.23165420742956,4.999253971403399,12.109704641350211
600,f1_esp,25.79728532193479,-4.4825732307875095,5.23165420742956,4.999253971403399,12.109704641350211
601,f1_esp,25.79728532193479,-4.4825732307875095,5.23165420742956,4.999253971403399,12.109704641350211
602,f1_esp,25.79728532193479,-4.4825732307875095,5.23165420742956,4.999253971403399,12.109704641350211
603,f1_esp,25.79728532193479,-4.4825732307875095,5.23165420742956,4.999253971403399,12.109704641350211
604,f1_esp,25.79728532193479,-4.4825732307875095,5.23165420742956,4.999253971403399,12.109704641350211
605,f1_esp,25.79728532193479,-4.4825732307875095,5.23165420742956,4.999253971403399,12.109704641350211
606,f1_esp,25.79728532193479,-4.4825732307875095,5.23165420742956,4.999253971403399,12.109704641350211
607,f1_esp,25.79728532193479,-4.4825732307875095,5.23165420742956,4.999253971403399,12.109704641350211
608,f1_esp,25.79728532193479,-4.4825732307875095,5.23165420742956,4.999253971403399,12.109704641350211
609,f1_esp,26.044150834947615,-4.916937256938113,5.373065577730236,4.999526132447753,12.362869198312236
610,f1_esp,26.044150834947615,-4.916937256938113,5.373065577730236,4.999526132447753,12.362869198312236
611,f1_esp,26.044150834947615,-4.916937256938113,5.373065577730236,4.999526132447753,12.362869198312236
612,f1_esp,26.044150834947615,-4.916937256938113,5.373065577730236,4.999526132447753,12.362869198312236
613,f1_esp,26.044150834947615,-4.916937256938113,5.373065577730236,4.999526132447753,12.362869198312236
614,f1_esp,26.044150834947615,-4.916937256938113,5.373065577730236,4.999526132447753,12.362869198312236
615,f1_esp,26.044150834947615,-4.916937256938113,5.373065577730236,4.999526132447753,12.362869198312236
616,f1_esp,26.044150834947615,-4.916937256938113,5.373065577730236,4.999526132447753,12.362869198312236
617,f1_esp,26.044150834947615,-4.916937256938113,5.373065577730236,4.999526132447753,12.362869198312236
618,f1_esp,26.044150834947615,-4.916937256938113,5.373065577730236,4.999526132447753,12.362869198312236
619,f1_esp,26.34620797853718,-5.310041634334661,5.551036311158761,4.938702173129333,12.61603375527426
620,f1_esp,26.34620797853718,-5.310041634334661,5.551036311158761,4.938702173129333,12.61603375527426
621,f1_esp,26.34620797853718,-5.310041634334661,5.551036311158761,4.938702173129333,12.61603375527426
622,f1_esp,26.34620797853718,-5.310041634334661,5.551036311158761,4.938702173129333,12.61603375527426
623,f1_esp,26.34620797853718,-5.310041634334661,5.551036311158761,4.938702173129333,12.61603375527426
624,f1_esp,26.34620797853718,-5.310041634334661,5.551036311158761,4.938702173129333,12.61603375527426
625,f1_esp,26.34620797853718,-5.310041634334661,5.551036311158761,4.938702173129333,12.61603375527426
626,f1_esp,26.34620797853718,-5.310041634334661,5.551036311158761,4.938702173129333,12.61603375527426
627,f1_esp,26.34620797853718,-5.310041634334661,5.551036311158761,4.938702173129333,12.61603375527426
628,f1_esp,26.34620797853718,-5.310041634334661,5.551036311158761,4.938702173129333,12.61603375527426
629,f1_esp,26.708514741330085,-5.6464342205049265,5.706159122319957,4.962339918650179,12.827004219409282
630,f1_esp,26.708514741330085,-5.6464342205049265,5.706159122319957,4.962339918650179,12.827004219409282
631,f1_esp,26.708514741330085,-5.6464342205049265,5.706159122319957,4.962339918650179,12.827004219409282
632,f1_esp,26.708514741330085,-5.6464342205049265,5.706159122319957,4.962339918650179,12.827004219409282
633,f1_esp,26.708514741330085,-5.6464342205049265,5.706159122319957,4.962339918650179,12.827004219409282
634,f1_esp,26.708514741330085,-5.6464342205049265,5.706159122319957,4.962339918650179,12.827004219409282
635,f1_esp,26.708514741330085,-5.6464342205049265,5.706159122319957,4.962339918650179,12.827004219409282
636,f1_esp,26.708514741330085,-5.6464342205049265,5.706159122319957,4.962339918650179,12.827004219409282
637,f1_esp,26.708514741330085,-5.6464342205049265,5.706159122319957,4.962339918650179,12.827004219409282
638,f1_esp,26.708514741330085,-5.6464342205049265,5.706159122319957,4.962339918650179,12.827004219409282
639,f1_esp,27.116814090803935,-5.929270510174531,5.80329875329005,4.976862680764945,13.080168776371309
640,f1_esp,27.116814090803935,-5.929270510174531,5.80329875329005,4.976862680764945,13.080168776371309
641,f1_esp,27.116814090803935,-5.929270510174531,5.80329875329005,4.976862680764945,13.080168776371309
642,f1_esp,27.116814090803935,-5.929270510174531,5.80329875329005,4.976862680764945,13.080168776371309
643,f1_esp,27.116814090803935,-5.929270510174531,5.80329875329005,4.976862680764945,13.080168776371309
644,f1_esp,27.116814090803935,-5.929270510174531,5.80329875329005,4.976862680764945,13.080168776371309
645,f1_esp,27.116814090803935,-5.929270510174531,5.80329875329005,4.976862680764945,13.080168776371309
646,f1_esp,27.116814090803935,-5.929270510174531,5.80329875329005,4.976862680764945,13.080168776371309
647,f1_esp,27.116814090803935,-5.929270510174531,5.80329875329005,4.976862680764945,13.080168776371309
648,f1_esp,27.116814090803935,-5.929270510174531,5.80329875329005,4.976862680764945,13.080168776371309
649,f1_esp,27.551710178362413,-6.171866439787923,5.86358732238962,4.985785276657134,13.29113924050633
650,f1_esp,27.551710178362413,-6.171866439787923,5.86358732238962,4.985785276657134,13.29113924050633
651,f1_esp,27.551710178362413,-6.171866439787923,5.86358732238962,4.985785276657134,13.29113924050633
652,f1_esp,27.551710178362413,-6.171866439787923,5.86358732238962,4.985785276657134,13.29113924050633
653,f1_esp,27.551710178362413,-6.171866439787923,5.86358732238962,4.985785276657134,13.29113924050633
654,f1_esp,27.551710178362413,-6.171866439787923,5.86358732238962,4.985785276657134,13.29113924050633
655,f1_esp,27.551710178362413,-6.171866439787923,5.86358732238962,4.985785276657134,13.29113924050633
656,f1_esp,27.551710178362413,-6.171866439787923,5.86358732238962,4.985785276657134,13.29113924050633
657,f1_esp,27.551710178362413,-6.171866439787923,5.86358732238962,4.985785276657134,13.29113924050633
658,f1_esp,27.551710178362413,-6.171866439787923,5.86358732238962,4.985785276657134,13.29113924050633
659,f1_esp,27.995677465348948,-6.399308895297725,5.776927221104307,4.991266765271438,13.502109704641349
660,f1_esp,27.995677465348948,-6.399308895297725,5.776927221104307,4.991266765271438,13.502109704641349
661,f1_esp,27.995677465348948,-6.399308895297725,5.776927221104307,4.991266765271438,13.502109704641349
662,f1_esp,27.995677465348948,-6.399308895297725,5.776927221104307,4.991266765271438,13.502109704641349
663,f1_esp,27.995677465348948,-6.399308895297725,5.776927221104307,4.991266765271438,13.502109704641349
664,f1_esp,27.995677465348948,-6.399308895297725,5.776927221104307,4.991266765271438,13.502109704641349
665,f1_esp,27.995677465348948,-6.399308895297725,5.776927221104307,4.991266765271438,13.502109704641349
666,f1_esp,27.995677465348948,-6.399308895297725,5.776927221104307,4.991266765271438,13.502109704641349
667,f1_esp,27.995677465348948,-6.399308895297725,5.776927221104307,4.991266765271438,13.502109704641349
668,f1_esp,27.995677465348948,-6.399308895297725,5.776927221104307,4.991266765271438,13.502109704641349
669,f1_esp,28.424493576369244,-6.654751303165474,5.632181451868075,4.9946341344566765,13.71308016877637
670,f1_esp,28.424493576369244,-6.654751303165474,5.632181451868075,4.9946341344566765,13.71308016877637
671,f1_esp,28.424493576369244,-6.654751303165474,5.632181451868075,4.9946341344566765,13.71308016877637
672,f1_esp,28.424493576369244,-6.654751303165474,5.632181451868075,4.9946341344566765,13.71308016877637
673,f1_esp,28.424493576369244,-6.654751303165474,5.632181451868075,4.9946341344566765,13.71308016877637
674,f1_esp,28.424493576369244,-6.654751303165474,5.632181451868075,4.9946341344566765,13.71308016877637
675,f1_esp,28.424493576369244,-6.654751303165474,5.632181451868075,4.9946341344566765,13.71308016877637
676,f1_esp,28.424493576369244,-6.654751303165474,5.632181451868075,4.9946341344566765,13.71308016877637
677,f1_esp,28.424493576369244,-6.654751303165474,5.632181451868075,4.9946341344566765,13.71308016877637
678,f1_esp,28.424493576369244,-6.654751303165474,5.632181451868075,4.9946341344566765,13.71308016877637
679,f1_esp,28.844303849747522,-6.92548141077407,5.7566735320051166,4.996648613298609,13.924050632911392
680,f1_esp,28.844303849747522,-6.92548141077407,5.7566735320051166,4.996648613298609,13.924050632911392
681,f1_esp,28.844303849747522,-6.92548141077407,5.7566735320051166,4.996648613298609,13.924050632911392
682,f1_esp,28.844303849747522,-6.92548141077407,5.7566735320051166,4.996648613298609,13.924050632911392
683,f1_esp,28.844303849747522,-6.92548141077407,5.7566735320051166,4.996648613298609,13.924050632911392
684,f1_esp,28.844303849747522,-6.92548141077407,5.7566735320051166,4.996648613298609,13.924050632911392
685,f1_esp,28.844303849747522,-6.92548141077407,5.7566735320051166,4.996648613298609,13.924050632911392
686,f1_esp,28.844303849747522,-6.92548141077407,5.7566735320051166,4.996648613298609,13.924050632911392
687,f1_esp,28.844303849747522,-6.92548141077407,5.7566735320051166,4.996648613298609,13.924050632911392
688,f1_esp,28.844303849747522,-6.92548141077407,5.7566735320051166,4.996648613298609,13.924050632911392
689,f1_esp,29.28498784124659,-7.1605096681310725,5.947379509130029,4.997939415132703,14.135021097046414
690,f1_esp,29.28498784124659,-7.1605096681310725,5.947379509130029,4.997939415132703,14.135021097046414
691,f1_esp,29.28498784124659,-7.1605096681310725,5.947379509130029,4.997939415132703,14.135021097046414
692,f1_esp,29.28498784124659,-7.1605096681310725,5.947379509130029,4.997939415132703,14.135021097046414
693,f1_esp,29.28498784124659,-7.1605096681310725,5.947379509130029,4.997939415132703,14.135021097046414
694,f1_esp,29.28498784124659,-7.1605096681310725,5.947379509130029,4.997939415132703,14.135021097046414
695,f1_esp,29.28498784124659,-7.1605096681310725,5.947379509130029,4.997939415132703,14.135021097046414
696,f1_esp,29.28498784124659,-7.1605096681310725,5.947379509130029,4.997939415132703,14.135021097046414
697,f1_esp,29.28498784124659,-7.1605096681310725,5.947379509130029,4.997939415132703,14.135021097046414
698,f1_esp,29.28498784124659,-7.1605096681310725,5.947379509130029,4.997939415132703,14.135021097046414
699,f1_esp,29.750814332578948,-7.3409318273393795,6.031714101223451,4.998720477459838,14.345991561181433
700,f1_esp,29.750814332578948,-7.3409318273393795,6.031714101223451,4.998720477459838,14.345991561181433
701,f1_esp,29.750814332578948,-7.3409318273393795,6.031714101223451,4.998720477459838,14.345991561181433
702,f1_esp,29.750814332578948,-7.3409318273393795,6.031714101223451,4.998720477459838,14.345991561181433
703,f1_esp,29.750814332578948,-7.3409318273393795,6.031714101223451,4.998720477459838,14.345991561181433
704,f1_esp,29.750814332578948,-7.3409318273393795,6.031714101223451,4.998720477459838,14.345991561181433
705,f1_esp,29.750814332578948,-7.3409318273393795,6.031714101223451,4.998720477459838,14.345991561181433
706,f1_esp,29.750814332578948,-7.3409318273393795,6.031714101223451,4.998720477459838,14.345991561181433
707,f1_esp,29.750814332578948,-7.3409318273393795,6.031714101223451,4.998720477459838,14.345991561181433
708,f1_esp,29.750814332578948,-7.3409318273393795,6.031714101223451,4.998720477459838,14.345991561181433
709,f1_esp,30.23069682969884,-7.480796742800325,6.046097543255062,4.9992038695764425,14.556962025316455
710,f1_esp,30.23069682969884,-7.480796742800325,6.046097543255062,4.9992038695764425,14.556962025316455
711,f1_esp,30.23069682969884,-7.480796742800325,6.046097543255062,4.9992038695764425,14.556962025316455
712,f1_esp,30.23069682969884,-7.480796742800325,6.046097543255062,4.9992038695764425,14.556962025316455
713,f1_esp,30.23069682969884,-7.480796742800325,6.046097543255062,4.9992038695764425,14.556962025316455
714,f1_esp,30.23069682969884,-7.480796742800325,6.046097543255062,4.9992038695764425,14.556962025316455
715,f1_esp,30.23069682969884,-7.480796742800325,6.046097543255062,4.9992038695764425,14.556962025316455
716,f1_esp,30.23069682969884,-7.480796742800325,6.046097543255062,4.9992038695764425,14.556962025316455
717,f1_esp,30.23069682969884,-7.480796742800325,6.046097543255062,4.9992038695764425,14.556962025316455
718,f1_esp,30.23069682969884,-7.480796742800325,6.046097543255062,4.9992038695764425,14.556962025316455
719,f1_esp,30.71169135168807,-7.6169870185092705,5.961713357177655,4.999495191063026,14.767932489451477
720,f1_esp,30.71169135168807,-7.6169870185092705,5.961713357177655,4.999495191063026,14.767932489451477
721,f1_esp,30.71169135168807,-7.6169870185092705,5.961713357177655,4.999495191063026,14.767932489451477
722,f1_esp,30.71169135168807,-7.6169870185092705,5.961713357177655,4.999495191063026,14.767932489451477
723,f1_esp,30.71169135168807,-7.6169870185092705,5.961713357177655,4.999495191063026,14.767932489451477
724,f1_esp,30.71169135168807,-7.6169870185092705,5.961713357177655,4.999495191063026,14.767932489451477
725,f1_esp,30.71169135168807,-7.6169870185092705,5.961713357177655,4.999495191063026,14.767932489451477
726,f1_esp,30.71169135168807,-7.6169870185092705,5.961713357177655,4.999495191063026,14.767932489451477
727,f1_esp,30.71169135168807,-7.6169870185092705,5.961713357177655,4.999495191063026,14.767932489451477
728,f1_esp,30.71169135168807,-7.6169870185092705,5.961713357177655,4.999495191063026,14.767932489451477
729,f1_esp,31.179955956598207,-7.791364743683662,5.78352543369404,4.999675546051957,14.978902953586498
730,f1_esp,31.179955956598207,-7.791364743683662,5.78352543369404,4.999675546051957,14.978902953586498
731,f1_esp,31.179955956598207,-7.791364743683662,5.78352543369404,4.999675546051957,14.978902953586498
732,f1_esp,31.179955956598207,-7.791364743683662,5.78352543369404,4.999675546051957,14.978902953586498
733,f1_esp,31.179955956598207,-7.791364743683662,5.78352543369404,4.999675546051957,14.978902953586498
734,f1_esp,31.179955956598207,-7.791364743683662,5.78352543369404,4.999675546051957,14.978902953586498
735,f1_esp,31.179955956598207,-7.791364743683662,5.78352543369404,4.999675546051957,14.978902953586498
736,f1_esp,31.179955956598207,-7.791364743683662,5.78352543369404,4.999675546051957,14.978902953586498
737,f1_esp,31.179955956598207,-7.791364743683662,5.78352543369404,4.999675546051957,14.978902953586498
738,f1_esp,31.179955956598207,-7.791364743683662,5.78352543369404,4.999675546051957,14.978902953586498
739,f1_esp,31.623964389280776,-8.020564127998814,5.657302525662135,4.999794508708916,15.18987341772152
740,f1_esp,31.623964389280776,-8.020564127998814,5.657302525662135,4.999794508708916,15.18987341772152
741,f1_esp,31.623964389280776,-8.020564127998814,5.657302525662135,4.999794508708916,15.18987341772152
742,f1_esp,31.623964389280776,-8.020564127998814,5.657302525662135,4.999794508708916,15.18987341772152
743,f1_esp,31.623964389280776,-8.020564127998814,5.657302525662135,4.999794508708916,15.18987341772152
744,f1_esp,31.623964389280776,-8.020564127998814,5.657302525662135,4.999794508708916,15.18987341772152
745,f1_esp,31.623964389280776,-8.020564127998814,5.657302525662135,4.999794508708916,15.18987341772152
746,f1_esp,31.623964389280776,-8.020564127998814,5.657302525662135,4.999794508708916,15.18987341772152
747,f1_esp,31.623964389280776,-8.020564127998814,5.657302525662135,4.999794508708916,15.18987341772152
748,f1_esp,31.623964389280776,-8.020564127998814,5.657302525662135,4.999794508708916,15.18987341772152
749,f1_esp,32.042409273498464,-8.29404437204021,5.647004351556695,4.999864008606752,15.358649789029535
750,f1_esp,32.042409273498464,-8.29404437204021,5.647004351556695,4.999864008606752,15.358649789029535
751,f1_esp,32.042409273498464,-8.29404437204021,5.647004351556695,4.999864008606752,15.358649789029535
752,f1_esp,32.042409273498464,-8.29404437204021,5.647004351556695,4.999864008606752,15.358649789029535
753,f1_esp,32.042409273498464,-8.29404437204021,5.647004351556695,4.999864008606752,15.358649789029535
754,f1_esp,32.042409273498464,-8.29404437204021,5.647004351556695,4.999864008606752,15.358649789029535
755,f1_esp,32.042409273498464,-8.29404437204021,5.647004351556695,4.999864008606752,15.358649789029535
756,f1_esp,32.042409273498464,-8.29404437204021,5.647004351556695,4.999864008606752,15.358649789029535
757,f1_esp,32.042409273498464,-8.29404437204021,5.647004351556695,4.999864008606752,15.358649789029535
758,f1_esp,32.042409273498464,-8.29404437204021,5.647004351556695,4.999864008606752,15.358649789029535
759,f1_esp,32.446324092460415,-8.588651398941296,5.605315648276295,4.999904890562745,15.569620253164556
760,f1_esp,32.446324092460415,-8.588651398941296,5.605315648276295,4.999904890562745,15.569620253164556
761,f1_esp,32.446324092460415,-8.588651398941296,5.605315648276295,4.999904890562745,15.569620253164556
762,f1_esp,32.446324092460415,-8.588651398941296,5.605315648276295,4.999904890562745,15.569620253164556
763,f1_esp,32.446324092460415,-8.588651398941296,5.605315648276295,4.999904890562745,15.569620253164556
764,f1_esp,32.446324092460415,-8.588651398941296,5.605315648276295,4.999904890562745,15.569620253164556
765,f1_esp,32.446324092460415,-8.588651398941296,5.605315648276295,4.999904890562745,15.569620253164556
766,f1_esp,32.446324092460415,-8.588651398941296,5.605315648276295,4.999904890562745,15.569620253164556
767,f1_esp,32.446324092460415,-8.588651398941296,5.605315648276295,4.999904890562745,15.569620253164556
768,f1_esp,32.446324092460415,-8.588651398941296,5.605315648276295,4.999904890562745,15.569620253164556
769,f1_esp,32.82696316248844,-8.912472703881708,5.447610214998013,4.999925041757829,15.780590717299578
770,f1_esp,32.82696316248844,-8.912472703881708,5.447610214998013,4.999925041757829,15.780590717299578
771,f1_esp,32.82696316248844,-8.912472703881708,5.447610214998013,4.999925041757829,15.780590717299578
772,f1_esp,32.82696316248844,-8.912472703881708,5.447610214998013,4.999925041757829,15.780590717299578
773,f1_esp,32.82696316248844,-8.912472703881708,5.447610214998013,4.999925041757829,15.780590717299578
774,f1_esp,32.82696316248844,-8.912472703881708,5.447610214998013,4.999925041757829,15.780590717299578
775,f1_esp,32.82696316248844,-8.912472703881708,5.447610214998013,4.999925041757829,15.780590717299578
776,f1_esp,32.82696316248844,-8.912472703881708,5.447610214998013,4.999925041757829,15.780590717299578
777,f1_esp,32.82696316248844,-8.912472703881708,5.447610214998013,4.999925041757829,15.780590717299578
778,f1_esp,32.82696316248844,-8.912472703881708,5.447610214998013,4.999925041757829,15.780590717299578
779,f1_esp,33.157890658697724,-9.286499911091692,5.258235341632106,4.999947098932248,15.9915611814346
780,f1_esp,33.157890658697724,-9.286499911091692,5.258235341632106,4.999947098932248,15.9915611814346
781,f1_esp,33.157890658697724,-9.286499911091692,5.258235341632106,4.999947098932248,15.9915611814346
782,f1_esp,33.157890658697724,-9.286499911091692,5.258235341632106,4.999947098932248,15.9915611814346
783,f1_esp,33.157890658697724,-9.286499911091692,5.258235341632106,4.999947098932248,15.9915611814346
784,f1_esp,33.157890658697724,-9.286499911091692,5.258235341632106,4.999947098932248,15.9915611814346
785,f1_esp,33.157890658697724,-9.286499911091692,5.258235341632106,4.999947098932248,15.9915611814346
786,f1_esp,33.157890658697724,-9.286499911091692,5.258235341632106,4.999947098932248,15.9915611814346
787,f1_esp,33.157890658697724,-9.286499911091692,5.258235341632106,4.999947098932248,15.9915611814346
788,f1_esp,33.157890658697724,-9.286499911091692,5.258235341632106,4.999947098932248,15.9915611814346
789,f1_esp,33.43369839466765,-9.703303461014205,5.192010638874923,4.999959247796974,16.160337552742615
790,f1_esp,33.43369839466765,-9.703303461014205,5.192010638874923,4.999959247796974,16.160337552742615
791,f1_esp,33.43369839466765,-9.703303461014205,5.192010638874923,4.999959247796974,16.160337552742615
792,f1_esp,33.43369839466765,-9.703303461014205,5.192010638874923,4.999959247796974,16.160337552742615
793,f1_esp,33.43369839466765,-9.703303461014205,5.192010638874923,4.999959247796974,16.160337552742615
794,f1_esp,33.43369839466765,-9.703303461014205,5.192010638874923,4.999959247796974,16.160337552742615
795,f1_esp,33.43369839466765,-9.703303461014205,5.192010638874923,4.999959247796974,16.160337552742615
796,f1_esp,33.43369839466765,-9.703303461014205,5.192010638874923,4.999959247796974,16.160337552742615
797,f1_esp,33.43369839466765,-9.703303461014205,5.192010638874923,4.999959247796974,16.160337552742615
798,f1_esp,33.43369839466765,-9.703303461014205,5.192010638874923,4.999959247796974,16.160337552742615
799,f1_esp,33.681045261692496,-10.137781291349459,5.195760354633821,4.99996707933152,16.371308016877638
800,f1_esp,33.681045261692496,-10.137781291349459,5.195760354633821,4.99996707933152,16.371308016877638
801,f1_esp,33.681045261692496,-10.137781291349459,5.195760354633821,4.99996707933152,16.371308016877638
802,f1_esp,33.681045261692496,-10.137781291349459,5.195760354633821,4.99996707933152,16.371308016877638
803,f1_esp,33.681045261692496,-10.137781291349459,5.195760354633821,4.99996707933152,16.371308016877638
804,f1_esp,33.681045261692496,-10.137781291349459,5.195760354633821,4.99996707933152,16.371308016877638
805,f1_esp,33.681045261692496,-10.137781291349459,5.195760354633821,4.99996707933152,16.371308016877638
806,f1_esp,33.681045261692496,-10.137781291349459,5.195760354633821,4.99996707933152,16.371308016877638
807,f1_esp,33.681045261692496,-10.137781291349459,5.195760354633821,4.99996707933152,16.371308016877638
808,f1_esp,33.681045261692496,-10.137781291349459,5.195760354633821,4.99996707933152,16.371308016877638
809,f1_esp,33.914710386209975,-10.579800808375847,5.164801542308899,4.9999750397867135,16.582278481012658
810,f1_esp,33.914710386209975,-10.579800808375847,5.164801542308899,4.9999750397867135,16.582278481012658
811,f1_esp,33.914710386209975,-10.579800808375847,5.164801542308899,4.9999750397867135,16.582278481012658
812,f1_esp,33.914710386209975,-10.579800808375847,5.164801542308899,4.9999750397867135,16.582278481012658
813,f1_esp,33.914710386209975,-10.579800808375847,5.164801542308899,4.9999750397867135,16.582278481012658
814,f1_esp,33.914710386209975,-10.579800808375847,5.164801542308899,4.9999750397867135,16.582278481012658
815,f1_esp,33.914710386209975,-10.579800808375847,5.164801542308899,4.9999750397867135,16.582278481012658
816,f1_esp,33.914710386209975,-10.579800808375847,5.164801542308899,4.9999750397867135,16.582278481012658
817,f1_esp,33.914710386209975,-10.579800808375847,5.164801542308899,4.9999750397867135,16.582278481012658
818,f1_esp,33.914710386209975,-10.579800808375847,5.164801542308899,4.9999750397867135,16.582278481012658
819,f1_esp,34.12621762076412,-11.032762581556975,5.0722262634693545,4.999978643142488,16.793248945147678
820,f1_esp,34.12621762076412,-11.032762581556975,5.0722262634693545,4.999978643142488,16.793248945147678
821,f1_esp,34.12621762076412,-11.032762581556975,5.0722262634693545,4.999978643142488,16.793248945147678
822,f1_esp,34.12621762076412,-11.032762581556975,5.0722262634693545,4.999978643142488,16.793248945147678
823,f1_esp,34.12621762076412,-11.032762581556975,5.0722262634693545,4.999978643142488,16.793248945147678
824,f1_esp,34.12621762076412,-11.032762581556975,5.0722262634693545,4.999978643142488,16.793248945147678
825,f1_esp,34.12621762076412,-11.032762581556975,5.0722262634693545,4.999978643142488,16.793248945147678
826,f1_esp,34.12621762076412,-11.032762581556975,5.0722262634693545,4.999978643142488,16.793248945147678
827,f1_esp,34.12621762076412,-11.032762581556975,5.0722262634693545,4.999978643142488,16.793248945147678
828,f1_esp,34.12621762076412,-11.032762581556975,5.0722262634693545,4.999978643142488,16.793248945147678
829,f1_esp,34.301363125512914,-11.500905468885895,4.961158272254969,4.99998184529378,16.962025316455694
830,f1_esp,34.301363125512914,-11.500905468885895,4.961158272254969,4.99998184529378,16.962025316455694
831,f1_esp,34.301363125512914,-11.500905468885895,4.961158272254969,4.99998184529378,16.962025316455694
832,f1_esp,34.301363125512914,-11.500905468885895,4.961158272254969,4.99998184529378,16.962025316455694
833,f1_esp,34.301363125512914,-11.500905468885895,4.961158272254969,4.99998184529378,16.962025316455694
834,f1_esp,34.301363125512914,-11.500905468885895,4.961158272254969,4.99998184529378,16.962025316455694
835,f1_esp,34.301363125512914,-11.500905468885895,4.961158272254969,4.99998184529378,16.962025316455694
836,f1_esp,34.301363125512914,-11.500905468885895,4.961158272254969,4.99998184529378,16.962025316455694
837,f1_esp,34.301363125512914,-11.500905468885895,4.961158272254969,4.99998184529378,16.962025316455694
838,f1_esp,34.301363125512914,-11.500905468885895,4.961158272254969,4.99998184529378,16.962025316455694
839,f1_esp,34.43084134081008,-11.983632108393202,4.859120282009393,4.999985421584381,17.172995780590718
840,f1_esp,34.43084134081008,-11.983632108393202,4.859120282009393,4.999985421584381,17.172995780590718
841,f1_esp,34.43084134081008,-11.983632108393202,4.859120282009393,4.999985421584381,17.172995780590718
842,f1_esp,34.43084134081008,-11.983632108393202,4.859120282009393,4.999985421584381,17.172995780590718
843,f1_esp,34.43084134081008,-11.983632108393202,4.859120282009393,4.999985421584381,17.172995780590718
844,f1_esp,34.43084134081008,-11.983632108393202,4.859120282009393,4.999985421584381,17.172995780590718
845,f1_esp,34.43084134081008,-11.983632108393202,4.859120282009393,4.999985421584381,17.172995780590718
846,f1_esp,34.43084134081008,-11.983632108393202,4.859120282009393,4.999985421584381,17.172995780590718
847,f1_esp,34.43084134081008,-11.983632108393202,4.859120282009393,4.999985421584381,17.172995780590718
848,f1_esp,34.43084134081008,-11.983632108393202,4.859120282009393,4.999985421584381,17.172995780590718
849,f1_esp,34.510908772751925,-12.476951257144814,4.7588464831927295,4.999981576413426,17.383966244725737
850,f1_esp,34.510908772751925,-12.476951257144814,4.7588464831927295,4.999981576413426,17.383966244725737
851,f1_esp,34.510908772751925,-12.476951257144814,4.7588464831927295,4.999981576413426,17.383966244725737
852,f1_esp,34.510908772751925,-12.476951257144814,4.7588464831927295,4.999981576413426,17.383966244725737
853,f1_esp,34.510908772751925,-12.476951257144814,4.7588464831927295,4.999981576413426,17.383966244725737
854,f1_esp,34.510908772751925,-12.476951257144814,4.7588464831927295,4.999981576413426,17.383966244725737
855,f1_esp,34.510908772751925,-12.476951257144814,4.7588464831927295,4.999981576413426,17.383966244725737
856,f1_esp,34.510908772751925,-12.476951257144814,4.7588464831927295,4.999981576413426,17.383966244725737
857,f1_esp,34.510908772751925,-12.476951257144814,4.7588464831927295,4.999981576413426,17.383966244725737
858,f1_esp,34.510908772751925,-12.476951257144814,4.7588464831927295,4.999981576413426,17.383966244725737
859,f1_esp,34.541545857364326,-12.97580207108865,4.665513356263475,4.999972939429855,17.552742616033754
860,f1_esp,34.541545857364326,-12.97580207108865,4.665513356263475,4.999972939429855,17.552742616033754
861,f1_esp,34.541545857364326,-12.97580207108865,4.665513356263475,4.999972939429855,17.552742616033754
862,f1_esp,34.541545857364326,-12.97580207108865,4.665513356263475,4.999972939429855,17.552742616033754
863,f1_esp,34.541545857364326,-12.97580207108865,4.665513356263475,4.999972939429855,17.552742616033754
864,f1_esp,34.541545857364326,-12.97580207108865,4.665513356263475,4.999972939429855,17.552742616033754
865,f1_esp,34.541545857364326,-12.97580207108865,4.665513356263475,4.999972939429855,17.552742616033754
866,f1_esp,34.541545857364326,-12.97580207108865,4.665513356263475,4.999972939429855,17.552742616033754
867,f1_esp,34.541545857364326,-12.97580207108865,4.665513356263475,4.999972939429855,17.552742616033754
868,f1_esp,34.541545857364326,-12.97580207108865,4.665513356263475,4.999972939429855,17.552742616033754
869,f1_esp,34.52062704358349,-13.475215273186473,4.578460213963329,4.9999706349405155,17.763713080168774
870,f1_esp,34.52062704358349,-13.475215273186473,4.578460213963329,4.9999706349405155,17.763713080168774
871,f1_esp,34.52062704358349,-13.475215273186473,4.578460213963329,4.9999706349405155,17.763713080168774
872,f1_esp,34.52062704358349,-13.475215273186473,4.578460213963329,4.9999706349405155,17.763713080168774
873,f1_esp,34.52062704358349,-13.475215273186473,4.578460213963329,4.9999706349405155,17.763713080168774
874,f1_esp,34.52062704358349,-13.475215273186473,4.578460213963329,4.9999706349405155,17.763713080168774
875,f1_esp,34.52062704358349,-13.475215273186473,4.578460213963329,4.9999706349405155,17.763713080168774
876,f1_esp,34.52062704358349,-13.475215273186473,4.578460213963329,4.9999706349405155,17.763713080168774
877,f1_esp,34.52062704358349,-13.475215273186473,4.578460213963329,4.9999706349405155,17.763713080168774
878,f1_esp,34.52062704358349,-13.475215273186473,4.578460213963329,4.9999706349405155,17.763713080168774
879,f1_esp,34.460862189809625,-13.971511126554322,4.518079206628753,4.999966270132653,17.974683544303797
880,f1_esp,34.460862189809625,-13.971511126554322,4.518079206628753,4.999966270132653,17.974683544303797
881,f1_esp,34.460862189809625,-13.971511126554322,4.518079206628753,4.999966270132653,17.974683544303797
882,f1_esp,34.460862189809625,-13.971511126554322,4.518079206628753,4.999966270132653,17.974683544303797
883,f1_esp,34.460862189809625,-13.971511126554322,4.518079206628753,4.999966270132653,17.974683544303797
884,f1_esp,34.460862189809625,-13.971511126554322,4.518079206628753,4.999966270132653,17.974683544303797
885,f1_esp,34.460862189809625,-13.971511126554322,4.518079206628753,4.999966270132653,17.974683544303797
886,f1_esp,34.460862189809625,-13.971511126554322,4.518079206628753,4.999966270132653,17.974683544303797
887,f1_esp,34.460862189809625,-13.971511126554322,4.518079206628753,4.999966270132653,17.974683544303797
888,f1_esp,34.460862189809625,-13.971511126554322,4.518079206628753,4.999966270132653,17.974683544303797
889,f1_esp,34.3691595589442,-14.462965129981106,4.459726081011015,4.999933896184291,18.185654008438817
890,f1_esp,34.3691595589442,-14.462965129981106,4.459726081011015,4.999933896184291,18.185654008438817
891,f1_esp,34.3691595589442,-14.462965129981106,4.459726081011015,4.999933896184291,18.185654008438817
892,f1_esp,34.3691595589442,-14.462965129981106,4.459726081011015,4.999933896184291,18.185654008438817
893,f1_esp,34.3691595589442,-14.462965129981106,4.459726081011015,4.999933896184291,18.185654008438817
894,f1_esp,34.3691595589442,-14.462965129981106,4.459726081011015,4.999933896184291,18.185654008438817
895,f1_esp,34.3691595589442,-14.462965129981106,4.459726081011015,4.999933896184291,18.185654008438817
896,f1_esp,34.3691595589442,-14.462965129981106,4.459726081011015,4.999933896184291,18.185654008438817
897,f1_esp,34.3691595589442,-14.462965129981106,4.459726081011015,4.999933896184291,18.185654008438817
898,f1_esp,34.3691595589442,-14.462965129981106,4.459726081011015,4.999933896184291,18.185654008438817
899,f1_esp,34.25116395071955,-14.948785094789475,4.414757043374161,4.999771113615175,18.354430379746834
900,f1_esp,34.25116395071955,-14.948785094789475,4.414757043374161,4.999771113615175,18.354430379746834
901,f1_esp,34.25116395071955,-14.948785094789475,4.414757043374161,4.999771113615175,18.354430379746834
902,f1_esp,34.25116395071955,-14.948785094789475,4.414757043374161,4.999771113615175,18.354430379746834
903,f1_esp,34.25116395071955,-14.948785094789475,4.414757043374161,4.999771113615175,18.354430379746834
904,f1_esp,34.25116395071955,-14.948785094789475,4.414757043374161,4.999771113615175,18.354430379746834
905,f1_esp,34.25116395071955,-14.948785094789475,4.414757043374161,4.999771113615175,18.354430379746834
906,f1_esp,34.25116395071955,-14.948785094789475,4.414757043374161,4.999771113615175,18.354430379746834
907,f1_esp,34.25116395071955,-14.948785094789475,4.414757043374161,4.999771113615175,18.354430379746834
908,f1_esp,34.25116395071955,-14.948785094789475,4.414757043374161,4.999771113615175,18.354430379746834
909,f1_esp,34.110300181191256,-15.428439450126941,4.374043258131041,4.999527831165442,18.565400843881854
910,f1_esp,34.110300181191256,-15.428439450126941,4.374043258131041,4.999527831165442,18.565400843881854
911,f1_esp,34.110300181191256,-15.428439450126941,4.374043258131041,4.999527831165442,18.565400843881854
912,f1_esp,34.110300181191256,-15.428439450126941,4.374043258131041,4.999527831165442,18.565400843881854
913,f1_esp,34.110300181191256,-15.428439450126941,4.374043258131041,4.999527831165442,18.565400843881854
914,f1_esp,34.110300181191256,-15.428439450126941,4.374043258131041,4.999527831165442,18.565400843881854
915,f1_esp,34.110300181191256,-15.428439450126941,4.374043258131041,4.999527831165442,18.565400843881854
916,f1_esp,34.110300181191256,-15.428439450126941,4.374043258131041,4.999527831165442,18.565400843881854
917,f1_esp,34.110300181191256,-15.428439450126941,4.374043258131041,4.999527831165442,18.565400843881854
918,f1_esp,34.110300181191256,-15.428439450126941,4.374043258131041,4.999527831165442,18.565400843881854
919,f1_esp,33.94080318644977,-15.898630955895758,4.284445845622802,4.9987774236012426,18.776371308016877
920,f1_esp,33.94080318644977,-15.898630955895758,4.284445845622802,4.9987774236012426,18.776371308016877
921,f1_esp,33.94080318644977,-15.898630955895758,4.284445845622802,4.9987774236012426,18.776371308016877
922,f1_esp,33.94080318644977,-15.898630955895758,4.284445845622802,4.9987774236012426,18.776371308016877
923,f1_esp,33.94080318644977,-15.898630955895758,4.284445845622802,4.9987774236012426,18.776371308016877
924,f1_esp,33.94080318644977,-15.898630955895758,4.284445845622802,4.9987774236012426,18.776371308016877
925,f1_esp,33.94080318644977,-15.898630955895758,4.284445845622802,4.9987774236012426,18.776371308016877
926,f1_esp,33.94080318644977,-15.898630955895758,4.284445845622802,4.9987774236012426,18.776371308016877
927,f1_esp,33.94080318644977,-15.898630955895758,4.284445845622802,4.9987774236012426,18.776371308016877
928,f1_esp,33.94080318644977,-15.898630955895758,4.284445845622802,4.9987774236012426,18.776371308016877
929,f1_esp,33.73313867720197,-16.353042753198977,4.177336179687686,4.9974332687744685,18.987341772151893
930,f1_esp,33.73313867720197,-16.353042753198977,4.177336179687686,4.9974332687744685,18.987341772151893
931,f1_esp,33.73313867720197,-16.353042753198977,4.177336179687686,4.9974332687744685,18.987341772151893
932,f1_esp,33.73313867720197,-16.353042753198977,4.177336179687686,4.9974332687744685,18.987341772151893
933,f1_esp,33.73313867720197,-16.353042753198977,4.177336179687686,4.9974332687744685,18.987341772151893
934,f1_esp,33.73313867720197,-16.353042753198977,4.177336179687686,4.9974332687744685,18.987341772151893
935,f1_esp,33.73313867720197,-16.353042753198977,4.177336179687686,4.9974332687744685,18.987341772151893
936,f1_esp,33.73313867720197,-16.353042753198977,4.177336179687686,4.9974332687744685,18.987341772151893
937,f1_esp,33.73313867720197,-16.353042753198977,4.177336179687686,4.9974332687744685,18.987341772151893
938,f1_esp,33.73313867720197,-16.353042753198977,4.177336179687686,4.9974332687744685,18.987341772151893
939,f1_esp,33.48130151267148,-16.784370628170993,4.059707211363192,4.996803217328435,19.156118143459913
940,f1_esp,33.48130151267148,-16.784370628170993,4.059707211363192,4.996803217328435,19.156118143459913
941,f1_esp,33.48130151267148,-16.784370628170993,4.059707211363192,4.996803217328435,19.156118143459913
942,f1_esp,33.48130151267148,-16.784370628170993,4.059707211363192,4.996803217328435,19.156118143459913
943,f1_esp,33.48130151267148,-16.784370628170993,4.059707211363192,4.996803217328435,19.156118143459913
944,f1_esp,33.48130151267148,-16.784370628170993,4.059707211363192,4.996803217328435,19.156118143459913
945,f1_esp,33.48130151267148,-16.784370628170993,4.059707211363192,4.996803217328435,19.156118143459913
946,f1_esp,33.48130151267148,-16.784370628170993,4.059707211363192,4.996803217328435,19.156118143459913
947,f1_esp,33.48130151267148,-16.784370628170993,4.059707211363192,4.996803217328435,19.156118143459913
948,f1_esp,33.48130151267148,-16.784370628170993,4.059707211363192,4.996803217328435,19.156118143459913
949,f1_esp,33.18482932920651,-17.186310776399647,3.977284271436497,4.996446228558331,19.367088607594933
950,f1_esp,33.18482932920651,-17.186310776399647,3.977284271436497,4.996446228558331,19.367088607594933
951,f1_esp,33.18482932920651,-17.186310776399647,3.977284271436497,4.996446228558331,19.367088607594933
952,f1_esp,33.18482932920651,-17.186310776399647,3.977284271436497,4.996446228558331,19.367088607594933
953,f1_esp,33.18482932920651,-17.186310776399647,3.977284271436497,4.996446228558331,19.367088607594933
954,f1_esp,33.18482932920651,-17.186310776399647,3.977284271436497,4.996446228558331,19.367088607594933
955,f1_esp,33.18482932920651,-17.186310776399647,3.977284271436497,4.996446228558331,19.367088607594933
956,f1_esp,33.18482932920651,-17.186310776399647,3.977284271436497,4.996446228558331,19.367088607594933
957,f1_esp,33.18482932920651,-17.186310776399647,3.977284271436497,4.996446228558331,19.367088607594933
958,f1_esp,33.18482932920651,-17.186310776399647,3.977284271436497,4.996446228558331,19.367088607594933
959,f1_esp,32.8600797807562,-17.56589585213251,3.9563887814935073,4.995664327972927,19.53586497890295
960,f1_esp,32.8600797807562,-17.56589585213251,3.9563887814935073,4.995664327972927,19.53586497890295
961,f1_esp,32.8600797807562,-17.56589585213251,3.9563887814935073,4.995664327972927,19.53586497890295
962,f1_esp,32.8600797807562,-17.56589585213251,3.9563887814935073,4.995664327972927,19.53586497890295
963,f1_esp,32.8600797807562,-17.56589585213251,3.9563887814935073,4.995664327972927,19.53586497890295
964,f1_esp,32.8600797807562,-17.56589585213251,3.9563887814935073,4.995664327972927,19.53586497890295
965,f1_esp,32.8600797807562,-17.56589585213251,3.9563887814935073,4.995664327972927,19.53586497890295
966,f1_esp,32.8600797807562,-17.56589585213251,3.9563887814935073,4.995664327972927,19.53586497890295
967,f1_esp,32.8600797807562,-17.56589585213251,3.9563887814935073,4.995664327972927,19.53586497890295
968,f1_esp,32.8600797807562,-17.56589585213251,3.9563887814935073,4.995664327972927,19.53586497890295
969,f1_esp,32.52223058440574,-17.932945526464735,3.937862382406462,4.9844517561434705,19.746835443037973
970,f1_esp,32.52223058440574,-17.932945526464735,3.937862382406462,4.9844517561434705,19.746835443037973
971,f1_esp,32.52223058440574,-17.932945526464735,3.937862382406462,4.9844517561434705,19.746835443037973
972,f1_esp,32.52223058440574,-17.932945526464735,3.937862382406462,4.9844517561434705,19.746835443037973
973,f1_esp,32.52223058440574,-17.932945526464735,3.937862382406462,4.9844517561434705,19.746835443037973
974,f1_esp,32.52223058440574,-17.932945526464735,3.937862382406462,4.9844517561434705,19.746835443037973
975,f1_esp,32.52223058440574,-17.932945526464735,3.937862382406462,4.9844517561434705,19.746835443037973
976,f1_esp,32.52223058440574,-17.932945526464735,3.937862382406462,4.9844517561434705,19.746835443037973
977,f1_esp,32.52223058440574,-17.932945526464735,3.937862382406462,4.9844517561434705,19.746835443037973
978,f1_esp,32.52223058440574,-17.932945526464735,3.937862382406462,4.9844517561434705,19.746835443037973
979,f1_esp,32.17281581368683,-18.288096557545956,3.885798678673957,4.981275951200724,19.957805907172993
980,f1_esp,32.17281581368683,-18.288096557545956,3.885798678673957,4.981275951200724,19.957805907172993
981,f1_esp,32.17281581368683,-18.288096557545956,3.885798678673957,4.981275951200724,19.957805907172993
982,f1_esp,32.17281581368683,-18.288096557545956,3.885798678673957,4.981275951200724,19.957805907172993
983,f1_esp,32.17281581368683,-18.288096557545956,3.885798678673957,4.981275951200724,19.957805907172993
984,f1_esp,32.17281581368683,-18.288096557545956,3.885798678673957,4.981275951200724,19.957805907172993
985,f1_esp,32.17281581368683,-18.288096557545956,3.885798678673957,4.981275951200724,19.957805907172993
986,f1_esp,32.17281581368683,-18.288096557545956,3.885798678673957,4.981275951200724,19.957805907172993
987,f1_esp,32.17281581368683,-18.288096557545956,3.885798678673957,4.981275951200724,19.957805907172993
988,f1_esp,32.17281581368683,-18.288096557545956,3.885798678673957,4.981275951200724,19.957805907172993
989,f1_esp,31.80708295692019,-18.625813147737,3.8250609407527008,4.9770771472013005,20.168776371308013
990,f1_esp,31.80708295692019,-18.625813147737,3.8250609407527008,4.9770771472013005,20.168776371308013
991,f1_esp,31.80708295692019,-18.625813147737,3.8250609407527008,4.9770771472013005,20.168776371308013
992,f1_esp,31.80708295692019,-18.625813147737,3.8250609407527008,4.9770771472013005,20.168776371308013
993,f1_esp,31.80708295692019,-18.625813147737,3.8250609407527008,4.9770771472013005,20.168776371308013
994,f1_esp,31.80708295692019,-18.625813147737,3.8250609407527008,4.9770771472013005,20.168776371308013
995,f1_esp,31.80708295692019,-18.625813147737,3.8250609407527008,4.9770771472013005,20.168776371308013
996,f1_esp,31.80708295692019,-18.625813147737,3.8250609407527008,4.9770771472013005,20.168776371308013
997,f1_esp,31.80708295692019,-18.625813147737,3.8250609407527008,4.9770771472013005,20.168776371308013
998,f1_esp,31.80708295692019,-18.625813147737,3.8250609407527008,4.9770771472013005,20.168776371308013
999,f1_esp,31.42354894105852,-18.942583048464193,3.765502977798256,4.973833484307207,20.379746835443033
1000,f1_esp,31.42354894105852,-18.942583048464193,3.765502977798256,4.973833484307207,20.379746835443033
1001,f1_esp,31.42354894105852,-18.942583048464193,3.765502977798256,4.973833484307207,20.379746835443033
1002,f1_esp,31.42354894105852,-18.942583048464193,3.765502977798256,4.973833484307207,20.379746835443033
1003,f1_esp,31.42354894105852,-18.942583048464193,3.765502977798256,4.973833484307207,20.379746835443033
1004,f1_esp,31.42354894105852,-18.942583048464193,3.765502977798256,4.973833484307207,20.379746835443033
1005,f1_esp,31.42354894105852,-18.942583048464193,3.765502977798256,4.973833484307207,20.379746835443033
1006,f1_esp,31.42354894105852,-18.942583048464193,3.765502977798256,4.973833484307207,20.379746835443033
1007,f1_esp,31.42354894105852,-18.942583048464193,3.765502977798256,4.973833484307207,20.379746835443033
1008,f1_esp,31.42354894105852,-18.942583048464193,3.765502977798256,4.973833484307207,20.379746835443033
1009,f1_esp,31.02095001547959,-19.234371770308822,3.705580517418654,4.972249125749153,20.54852320675105
1010,f1_esp,31.02095001547959,-19.234371770308822,3.705580517418654,4.972249125749153,20.54852320675105
1011,f1_esp,31.02095001547959,-19.234371770308822,3.705580517418654,4.972249125749153,20.54852320675105
1012,f1_esp,31.02095001547959,-19.234371770308822,3.705580517418654,4.972249125749153,20.54852320675105
1013,f1_esp,31.02095001547959,-19.234371770308822,3.705580517418654,4.972249125749153,20.54852320675105
1014,f1_esp,31.02095001547959,-19.234371770308822,3.705580517418654,4.972249125749153,20.54852320675105
1015,f1_esp,31.02095001547959,-19.234371770308822,3.705580517418654,4.972249125749153,20.54852320675105
1016,f1_esp,31.02095001547959,-19.234371770308822,3.705580517418654,4.972249125749153,20.54852320675105
1017,f1_esp,31.02095001547959,-19.234371770308822,3.705580517418654,4.972249125749153,20.54852320675105
1018,f1_esp,31.02095001547959,-19.234371770308822,3.705580517418654,4.972249125749153,20.54852320675105
1019,f1_esp,30.602217729325123,-19.502410249791318,3.644367394620342,4.972542551822782,20.75949367088607
1020,f1_esp,30.602217729325123,-19.502410249791318,3.644367394620342,4.972542551822782,20.75949367088607
1021,f1_esp,30.602217729325123,-19.502410249791318,3.644367394620342,4.972542551822782,20.75949367088607
1022,f1_esp,30.602217729325123,-19.502410249791318,3.644367394620342,4.972542551822782,20.75949367088607
1023,f1_esp,30.602217729325123,-19.502410249791318,3.644367394620342,4.972542551822782,20.75949367088607
1024,f1_esp,30.602217729325123,-19.502410249791318,3.644367394620342,4.972542551822782,20.75949367088607
1025,f1_esp,30.602217729325123,-19.502410249791318,3.644367394620342,4.972542551822782,20.75949367088607
1026,f1_esp,30.602217729325123,-19.502410249791318,3.644367394620342,4.972542551822782,20.75949367088607
1027,f1_esp,30.602217729325123,-19.502410249791318,3.644367394620342,4.972542551822782,20.75949367088607
1028,f1_esp,30.602217729325123,-19.502410249791318,3.644367394620342,4.972542551822782,20.75949367088607
1029,f1_esp,30.169621859341998,-19.747604535368062,3.603616653756884,4.973618976795681,20.970464135021093
1030,f1_esp,30.169621859341998,-19.747604535368062,3.603616653756884,4.973618976795681,20.970464135021093
1031,f1_esp,30.169621859341998,-19.747604535368062,3.603616653756884,4.973618976795681,20.970464135021093
1032,f1_esp,30.169621859341998,-19.747604535368062,3.603616653756884,4.973618976795681,20.970464135021093
1033,f1_esp,30.169621859341998,-19.747604535368062,3.603616653756884,4.973618976795681,20.970464135021093
1034,f1_esp,30.169621859341998,-19.747604535368062,3.603616653756884,4.973618976795681,20.970464135021093
1035,f1_esp,30.169621859341998,-19.747604535368062,3.603616653756884,4.973618976795681,20.970464135021093
1036,f1_esp,30.169621859341998,-19.747604535368062,3.603616653756884,4.973618976795681,20.970464135021093
1037,f1_esp,30.169621859341998,-19.747604535368062,3.603616653756884,4.973618976795681,20.970464135021093
1038,f1_esp,30.169621859341998,-19.747604535368062,3.603616653756884,4.973618976795681,20.970464135021093
1039,f1_esp,29.726869584038884,-19.974053395079878,3.5708893447120413,4.973275030233003,21.181434599156113
1040,f1_esp,29.726869584038884,-19.974053395079878,3.5708893447120413,4.973275030233003,21.181434599156113
1041,f1_esp,29.726869584038884,-19.974053395079878,3.5708893447120413,4.973275030233003,21.181434599156113
1042,f1_esp,29.726869584038884,-19.974053395079878,3.5708893447120413,4.973275030233003,21.181434599156113
1043,f1_esp,29.726869584038884,-19.974053395079878,3.5708893447120413,4.973275030233003,21.181434599156113
1044,f1_esp,29.726869584038884,-19.974053395079878,3.5708893447120413,4.973275030233003,21.181434599156113
1045,f1_esp,29.726869584038884,-19.974053395079878,3.5708893447120413,4.973275030233003,21.181434599156113
1046,f1_esp,29.726869584038884,-19.974053395079878,3.5708893447120413,4.973275030233003,21.181434599156113
1047,f1_esp,29.726869584038884,-19.974053395079878,3.5708893447120413,4.973275030233003,21.181434599156113
1048,f1_esp,29.726869584038884,-19.974053395079878,3.5708893447120413,4.973275030233003,21.181434599156113
1049,f1_esp,29.274559436400498,-20.180553930499002,3.512582083448656,4.972255824500495,21.35021097046413
1050,f1_esp,29.274559436400498,-20.180553930499002,3.512582083448656,4.972255824500495,21.35021097046413
1051,f1_esp,29.274559436400498,-20.180553930499002,3.512582083448656,4.972255824500495,21.35021097046413
1052,f1_esp,29.274559436400498,-20.180553930499002,3.512582083448656,4.972255824500495,21.35021097046413
1053,f1_esp,29.274559436400498,-20.180553930499002,3.512582083448656,4.972255824500495,21.35021097046413
1054,f1_esp,29.274559436400498,-20.180553930499002,3.512582083448656,4.972255824500495,21.35021097046413
1055,f1_esp,29.274559436400498,-20.180553930499002,3.512582083448656,4.972255824500495,21.35021097046413
1056,f1_esp,29.274559436400498,-20.180553930499002,3.512582083448656,4.972255824500495,21.35021097046413
1057,f1_esp,29.274559436400498,-20.180553930499002,3.512582083448656,4.972255824500495,21.35021097046413
1058,f1_esp,29.274559436400498,-20.180553930499002,3.512582083448656,4.972255824500495,21.35021097046413
1059,f1_esp,28.816117270968135,-20.36213227026245,3.4628832601345994,4.905426479178275,21.56118143459915
1060,f1_esp,28.816117270968135,-20.36213227026245,3.4628832601345994,4.905426479178275,21.56118143459915
1061,f1_esp,28.816117270968135,-20.36213227026245,3.4628832601345994,4.905426479178275,21.56118143459915
1062,f1_esp,28.816117270968135,-20.36213227026245,3.4628832601345994,4.905426479178275,21.56118143459915
1063,f1_esp,28.816117270968135,-20.36213227026245,3.4628832601345994,4.905426479178275,21.56118143459915
1064,f1_esp,28.816117270968135,-20.36213227026245,3.4628832601345994,4.905426479178275,21.56118143459915
1065,f1_esp,28.816117270968135,-20.36213227026245,3.4628832601345994,4.905426479178275,21.56118143459915
1066,f1_esp,28.816117270968135,-20.36213227026245,3.4628832601345994,4.905426479178275,21.56118143459915
1067,f1_esp,28.816117270968135,-20.36213227026245,3.4628832601345994,4.905426479178275,21.56118143459915
1068,f1_esp,28.816117270968135,-20.36213227026245,3.4628832601345994,4.905426479178275,21.56118143459915
1069,f1_esp,28.37401625321355,-20.516570386547542,3.4320612872656406,4.542663492541685,21.729957805907166
1070,f1_esp,28.37401625321355,-20.516570386547542,3.4320612872656406,4.542663492541685,21.729957805907166
1071,f1_esp,28.37401625321355,-20.516570386547542,3.4320612872656406,4.542663492541685,21.729957805907166
1072,f1_esp,28.37401625321355,-20.516570386547542,3.4320612872656406,4.542663492541685,21.729957805907166
1073,f1_esp,28.37401625321355,-20.516570386547542,3.4320612872656406,4.542663492541685,21.729957805907166
1074,f1_esp,28.37401625321355,-20.516570386547542,3.4320612872656406,4.542663492541685,21.729957805907166
1075,f1_esp,28.37401625321355,-20.516570386547542,3.4320612872656406,4.542663492541685,21.729957805907166
1076,f1_esp,28.37401625321355,-20.516570386547542,3.4320612872656406,4.542663492541685,21.729957805907166
1077,f1_esp,28.37401625321355,-20.516570386547542,3.4320612872656406,4.542663492541685,21.729957805907166
1078,f1_esp,28.37401625321355,-20.516570386547542,3.4320612872656406,4.542663492541685,21.729957805907166
1079,f1_esp,27.956078172687114,-20.64568803727322,3.4069633428831128,4.267962146033647,21.940928270042185
1080,f1_esp,27.956078172687114,-20.64568803727322,3.4069633428831128,4.267962146033647,21.940928270042185
1081,f1_esp,27.956078172687114,-20.64568803727322,3.4069633428831128,4.267962146033647,21.940928270042185
1082,f1_esp,27.956078172687114,-20.64568803727322,3.4069633428831128,4.267962146033647,21.940928270042185
1083,f1_esp,27.956078172687114,-20.64568803727322,3.4069633428831128,4.267962146033647,21.940928270042185
1084,f1_esp,27.956078172687114,-20.64568803727322,3.4069633428831128,4.267962146033647,21.940928270042185
1085,f1_esp,27.956078172687114,-20.64568803727322,3.4069633428831128,4.267962146033647,21.940928270042185
1086,f1_esp,27.956078172687114,-20.64568803727322,3.4069633428831128,4.267962146033647,21.940928270042185
1087,f1_esp,27.956078172687114,-20.64568803727322,3.4069633428831128,4.267962146033647,21.940928270042185
1088,f1_esp,27.956078172687114,-20.64568803727322,3.4069633428831128,4.267962146033647,21.940928270042185
1089,f1_esp,27.548112475303945,-20.755769652272154,3.3707849670164856,4.199201563097445,22.109704641350206
1090,f1_esp,27.548112475303945,-20.755769652272154,3.3707849670164856,4.199201563097445,22.109704641350206
1091,f1_esp,27.548112475303945,-20.755769652272154,3.3707849670164856,4.199201563097445,22.109704641350206
1092,f1_esp,27.548112475303945,-20.755769652272154,3.3707849670164856,4.199201563097445,22.109704641350206
1093,f1_esp,27.548112475303945,-20.755769652272154,3.3707849670164856,4.199201563097445,22.109704641350206
1094,f1_esp,27.548112475303945,-20.755769652272154,3.3707849670164856,4.199201563097445,22.109704641350206
1095,f1_esp,27.548112475303945,-20.755769652272154,3.3707849670164856,4.199201563097445,22.109704641350206
1096,f1_esp,27.548112475303945,-20.755769652272154,3.3707849670164856,4.199201563097445,22.109704641350206
1097,f1_esp,27.548112475303945,-20.755769652272154,3.3707849670164856,4.199201563097445,22.109704641350206
1098,f1_esp,27.548112475303945,-20.755769652272154,3.3707849670164856,4.199201563097445,22.109704641350206
1099,f1_esp,27.14161091018835,-20.84698180338977,3.315582673455234,4.145787465781022,22.278481012658222
1100,f1_esp,27.14161091018835,-20.84698180338977,3.315582673455234,4.145787465781022,22.278481012658222
1101,f1_esp,27.14161091018835,-20.84698180338977,3.315582673455234,4.145787465781022,22.278481012658222
1102,f1_esp,27.14161091018835,-20.84698180338977,3.315582673455234,4.145787465781022,22.278481012658222
1103,f1_esp,27.14161091018835,-20.84698180338977,3.315582673455234,4.145787465781022,22.278481012658222
1104,f1_esp,27.14161091018835,-20.84698180338977,3.315582673455234,4.145787465781022,22.278481012658222
1105,f1_esp,27.14161091018835,-20.84698180338977,3.315582673455234,4.145787465781022,22.278481012658222
1106,f1_esp,27.14161091018835,-20.84698180338977,3.315582673455234,4.145787465781022,22.278481012658222
1107,f1_esp,27.14161091018835,-20.84698180338977,3.315582673455234,4.145787465781022,22.278481012658222
1108,f1_esp,27.14161091018835,-20.84698180338977,3.315582673455234,4.145787465781022,22.278481012658222
1109,f1_esp,26.733315620829536,-20.918455258138778,3.277104227311883,4.145117901489918,22.405063291139232
1110,f1_esp,26.733315620829536,-20.918455258138778,3.277104227311883,4.145117901489918,22.405063291139232
1111,f1_esp,26.733315620829536,-20.918455258138778,3.277104227311883,4.145117901489918,22.405063291139232
1112,f1_esp,26.733315620829536,-20.918455258138778,3.277104227311883,4.145117901489918,22.405063291139232
1113,f1_esp,26.733315620829536,-20.918455258138778,3.277104227311883,4.145117901489918,22.405063291139232
1114,f1_esp,26.733315620829536,-20.918455258138778,3.277104227311883,4.145117901489918,22.405063291139232
1115,f1_esp,26.733315620829536,-20.918455258138778,3.277104227311883,4.145117901489918,22.405063291139232
1116,f1_esp,26.733315620829536,-20.918455258138778,3.277104227311883,4.145117901489918,22.405063291139232
1117,f1_esp,26.733315620829536,-20.918455258138778,3.277104227311883,4.145117901489918,22.405063291139232
1118,f1_esp,26.733315620829536,-20.918455258138778,3.277104227311883,4.145117901489918,22.405063291139232
1119,f1_esp,26.31399323639831,-20.97850537820556,3.271755233278572,4.3306682389452895,22.57383966244725
1120,f1_esp,26.31399323639831,-20.97850537820556,3.271755233278572,4.3306682389452895,22.57383966244725
1121,f1_esp,26.31399323639831,-20.97850537820556,3.271755233278572,4.3306682389452895,22.57383966244725
1122,f1_esp,26.31399323639831,-20.97850537820556,3.271755233278572,4.3306682389452895,22.57383966244725
1123,f1_esp,26.31399323639831,-20.97850537820556,3.271755233278572,4.3306682389452895,22.57383966244725
1124,f1_esp,26.31399323639831,-20.97850537820556,3.271755233278572,4.3306682389452895,22.57383966244725
1125,f1_esp,26.31399323639831,-20.97850537820556,3.271755233278572,4.3306682389452895,22.57383966244725
1126,f1_esp,26.31399323639831,-20.97850537820556,3.271755233278572,4.3306682389452895,22.57383966244725
1127,f1_esp,26.31399323639831,-20.97850537820556,3.271755233278572,4.3306682389452895,22.57383966244725
1128,f1_esp,26.31399323639831,-20.97850537820556,3.271755233278572,4.3306682389452895,22.57383966244725
1129,f1_esp,25.88025164823552,-21.038680023257772,3.2801994910750514,4.429218283856052,22.742616033755265
1130,f1_esp,25.88025164823552,-21.038680023257772,3.2801994910750514,4.429218283856052,22.742616033755265
1131,f1_esp,25.88025164823552,-21.038680023257772,3.2801994910750514,4.429218283856052,22.742616033755265
1132,f1_esp,25.88025164823552,-21.038680023257772,3.2801994910750514,4.429218283856052,22.742616033755265
1133,f1_esp,25.88025164823552,-21.038680023257772,3.2801994910750514,4.429218283856052,22.742616033755265
1134,f1_esp,25.88025164823552,-21.038680023257772,3.2801994910750514,4.429218283856052,22.742616033755265
1135,f1_esp,25.88025164823552,-21.038680023257772,3.2801994910750514,4.429218283856052,22.742616033755265
1136,f1_esp,25.88025164823552,-21.038680023257772,3.2801994910750514,4.429218283856052,22.742616033755265
1137,f1_esp,25.88025164823552,-21.038680023257772,3.2801994910750514,4.429218283856052,22.742616033755265
1138,f1_esp,25.88025164823552,-21.038680023257772,3.2801994910750514,4.429218283856052,22.742616033755265
1139,f1_esp,25.450573952146545,-21.090600678495154,3.2148856990030295,4.26485043228383,22.953586497890285
1140,f1_esp,25.450573952146545,-21.090600678495154,3.2148856990030295,4.26485043228383,22.953586497890285
1141,f1_esp,25.450573952146545,-21.090600678495154,3.2148856990030295,4.26485043228383,22.953586497890285
1142,f1_esp,25.450573952146545,-21.090600678495154,3.2148856990030295,4.26485043228383,22.953586497890285
1143,f1_esp,25.450573952146545,-21.090600678495154,3.2148856990030295,4.26485043228383,22.953586497890285
1144,f1_esp,25.450573952146545,-21.090600678495154,3.2148856990030295,4.26485043228383,22.953586497890285
1145,f1_esp,25.450573952146545,-21.090600678495154,3.2148856990030295,4.26485043228383,22.953586497890285
1146,f1_esp,25.450573952146545,-21.090600678495154,3.2148856990030295,4.26485043228383,22.953586497890285
1147,f1_esp,25.450573952146545,-21.090600678495154,3.2148856990030295,4.26485043228383,22.953586497890285
1148,f1_esp,25.450573952146545,-21.090600678495154,3.2148856990030295,4.26485043228383,22.953586497890285
1149,f1_esp,25.022830871996163,-21.104251691397913,3.0821600989796387,4.298463025802151,23.1223628691983
1150,f1_esp,25.022830871996163,-21.104251691397913,3.0821600989796387,4.298463025802151,23.1223628691983
1151,f1_esp,25.022830871996163,-21.104251691397913,3.0821600989796387,4.298463025802151,23.1223628691983
1152,f1_esp,25.022830871996163,-21.104251691397913,3.0821600989796387,4.298463025802151,23.1223628691983
1153,f1_esp,25.022830871996163,-21.104251691397913,3.0821600989796387,4.298463025802151,23.1223628691983
1154,f1_esp,25.022830871996163,-21.104251691397913,3.0821600989796387,4.298463025802151,23.1223628691983
1155,f1_esp,25.022830871996163,-21.104251691397913,3.0821600989796387,4.298463025802151,23.1223628691983
1156,f1_esp,25.022830871996163,-21.104251691397913,3.0821600989796387,4.298463025802151,23.1223628691983
1157,f1_esp,25.022830871996163,-21.104251691397913,3.0821600989796387,4.298463025802151,23.1223628691983
1158,f1_esp,25.022830871996163,-21.104251691397913,3.0821600989796387,4.298463025802151,23.1223628691983
1159,f1_esp,24.581243568616234,-21.085872690660974,3.0694677133199884,4.546510981041665,23.29113924050632
1160,f1_esp,24.581243568616234,-21.085872690660974,3.0694677133199884,4.546510981041665,23.29113924050632
1161,f1_esp,24.581243568616234,-21.085872690660974,3.0694677133199884,4.546510981041665,23.29113924050632
1162,f1_esp,24.581243568616234,-21.085872690660974,3.0694677133199884,4.546510981041665,23.29113924050632
1163,f1_esp,24.581243568616234,-21.085872690660974,3.0694677133199884,4.546510981041665,23.29113924050632
1164,f1_esp,24.581243568616234,-21.085872690660974,3.0694677133199884,4.546510981041665,23.29113924050632
1165,f1_esp,24.581243568616234,-21.085872690660974,3.0694677133199884,4.546510981041665,23.29113924050632
1166,f1_esp,24.581243568616234,-21.085872690660974,3.0694677133199884,4.546510981041665,23.29113924050632
1167,f1_esp,24.581243568616234,-21.085872690660974,3.0694677133199884,4.546510981041665,23.29113924050632
1168,f1_esp,24.581243568616234,-21.085872690660974,3.0694677133199884,4.546510981041665,23.29113924050632
1169,f1_esp,24.11966558128721,-21.065353641283746,3.1268279779997887,4.69739886569591,23.502109704641338
1170,f1_esp,24.11966558128721,-21.065353641283746,3.1268279779997887,4.69739886569591,23.502109704641338
1171,f1_esp,24.11966558128721,-21.065353641283746,3.1268279779997887,4.69739886569591,23.502109704641338
1172,f1_esp,24.11966558128721,-21.065353641283746,3.1268279779997887,4.69739886569591,23.502109704641338
1173,f1_esp,24.11966558128721,-21.065353641283746,3.1268279779997887,4.69739886569591,23.502109704641338
1174,f1_esp,24.11966558128721,-21.065353641283746,3.1268279779997887,4.69739886569591,23.502109704641338
1175,f1_esp,24.11966558128721,-21.065353641283746,3.1268279779997887,4.69739886569591,23.502109704641338
1176,f1_esp,24.11966558128721,-21.065353641283746,3.1268279779997887,4.69739886569591,23.502109704641338
1177,f1_esp,24.11966558128721,-21.065353641283746,3.1268279779997887,4.69739886569591,23.502109704641338
1178,f1_esp,24.11966558128721,-21.065353641283746,3.1268279779997887,4.69739886569591,23.502109704641338
1179,f1_esp,23.646337279418397,-21.061602688122345,3.181873291549181,4.771804528786849,23.71308016877636
1180,f1_esp,23.646337279418397,-21.061602688122345,3.181873291549181,4.771804528786849,23.71308016877636
1181,f1_esp,23.646337279418397,-21.061602688122345,3.181873291549181,4.771804528786849,23.71308016877636
1182,f1_esp,23.646337279418397,-21.061602688122345,3.181873291549181,4.771804528786849,23.71308016877636
1183,f1_esp,23.646337279418397,-21.061602688122345,3.181873291549181,4.771804528786849,23.71308016877636
1184,f1_esp,23.646337279418397,-21.061602688122345,3.181873291549181,4.771804528786849,23.71308016877636
1185,f1_esp,23.646337279418397,-21.061602688122345,3.181873291549181,4.771804528786849,23.71308016877636
1186,f1_esp,23.646337279418397,-21.061602688122345,3.181873291549181,4.771804528786849,23.71308016877636
1187,f1_esp,23.646337279418397,-21.061602688122345,3.181873291549181,4.771804528786849,23.71308016877636
1188,f1_esp,23.646337279418397,-21.061602688122345,3.181873291549181,4.771804528786849,23.71308016877636
1189,f1_esp,23.173661187305022,-21.08042236961794,3.2259063193022786,4.704853392837731,23.881856540084375
1190,f1_esp,23.173661187305022,-21.08042236961794,3.2259063193022786,4.704853392837731,23.881856540084375
1191,f1_esp,23.173661187305022,-21.08042236961794,3.2259063193022786,4.704853392837731,23.881856540084375
1192,f1_esp,23.173661187305022,-21.08042236961794,3.2259063193022786,4.704853392837731,23.881856540084375
1193,f1_esp,23.173661187305022,-21.08042236961794,3.2259063193022786,4.704853392837731,23.881856540084375
1194,f1_esp,23.173661187305022,-21.08042236961794,3.2259063193022786,4.704853392837731,23.881856540084375
1195,f1_esp,23.173661187305022,-21.08042236961794,3.2259063193022786,4.704853392837731,23.881856540084375
1196,f1_esp,23.173661187305022,-21.08042236961794,3.2259063193022786,4.704853392837731,23.881856540084375
1197,f1_esp,23.173661187305022,-21.08042236961794,3.2259063193022786,4.704853392837731,23.881856540084375
1198,f1_esp,23.173661187305022,-21.08042236961794,3.2259063193022786,4.704853392837731,23.881856540084375
1199,f1_esp,22.709112566561423,-21.114861609630978,3.2468936751158846,4.629016444330173,24.092827004219398
1200,f1_esp,22.709112566561423,-21.114861609630978,3.2468936751158846,4.629016444330173,24.092827004219398
1201,f1_esp,22.709112566561423,-21.114861609630978,3.2468936751158846,4.629016444330173,24.092827004219398
1202,f1_esp,22.709112566561423,-21.114861609630978,3.2468936751158846,4.629016444330173,24.092827004219398
1203,f1_esp,22.709112566561423,-21.114861609630978,3.2468936751158846,4.629016444330173,24.092827004219398
1204,f1_esp,22.709112566561423,-21.114861609630978,3.2468936751158846,4.629016444330173,24.092827004219398
1205,f1_esp,22.709112566561423,-21.114861609630978,3.2468936751158846,4.629016444330173,24.092827004219398
1206,f1_esp,22.709112566561423,-21.114861609630978,3.2468936751158846,4.629016444330173,24.092827004219398
1207,f1_esp,22.709112566561423,-21.114861609630978,3.2468936751158846,4.629016444330173,24.092827004219398
1208,f1_esp,22.709112566561423,-21.114861609630978,3.2468936751158846,4.629016444330173,24.092827004219398
1209,f1_esp,22.27469979022904,-21.15612275288529,3.244362674292217,4.195710161920289,24.261603375527415
1210,f1_esp,22.27469979022904,-21.15612275288529,3.244362674292217,4.195710161920289,24.261603375527415
1211,f1_esp,22.27469979022904,-21.15612275288529,3.244362674292217,4.195710161920289,24.261603375527415
1212,f1_esp,22.27469979022904,-21.15612275288529,3.244362674292217,4.195710161920289,24.261603375527415
1213,f1_esp,22.27469979022904,-21.15612275288529,3.244362674292217,4.195710161920289,24.261603375527415
1214,f1_esp,22.27469979022904,-21.15612275288529,3.244362674292217,4.195710161920289,24.261603375527415
1215,f1_esp,22.27469979022904,-21.15612275288529,3.244362674292217,4.195710161920289,24.261603375527415
1216,f1_esp,22.27469979022904,-21.15612275288529,3.244362674292217,4.195710161920289,24.261603375527415
1217,f1_esp,22.27469979022904,-21.15612275288529,3.244362674292217,4.195710161920289,24.261603375527415
1218,f1_esp,22.27469979022904,-21.15612275288529,3.244362674292217,4.195710161920289,24.261603375527415
1219,f1_esp,21.864421892197964,-21.166483410095168,3.0424253212526353,4.050640114713861,24.472573839662434
1220,f1_esp,21.864421892197964,-21.166483410095168,3.0424253212526353,4.050640114713861,24.472573839662434
1221,f1_esp,21.864421892197964,-21.166483410095168,3.0424253212526353,4.050640114713861,24.472573839662434
1222,f1_esp,21.864421892197964,-21.166483410095168,3.0424253212526353,4.050640114713861,24.472573839662434
1223,f1_esp,21.864421892197964,-21.166483410095168,3.0424253212526353,4.050640114713861,24.472573839662434
1224,f1_esp,21.864421892197964,-21.166483410095168,3.0424253212526353,4.050640114713861,24.472573839662434
1225,f1_esp,21.864421892197964,-21.166483410095168,3.0424253212526353,4.050640114713861,24.472573839662434
1226,f1_esp,21.864421892197964,-21.166483410095168,3.0424253212526353,4.050640114713861,24.472573839662434
1227,f1_esp,21.864421892197964,-21.166483410095168,3.0424253212526353,4.050640114713861,24.472573839662434
1228,f1_esp,21.864421892197964,-21.166483410095168,3.0424253212526353,4.050640114713861,24.472573839662434
1229,f1_esp,21.446412868032223,-21.110828637830764,2.908799147872396,4.396131659041574,24.64135021097045
1230,f1_esp,21.446412868032223,-21.110828637830764,2.908799147872396,4.396131659041574,24.64135021097045
1231,f1_esp,21.446412868032223,-21.110828637830764,2.908799147872396,4.396131659041574,24.64135021097045
1232,f1_esp,21.446412868032223,-21.110828637830764,2.908799147872396,4.396131659041574,24.64135021097045
1233,f1_esp,21.446412868032223,-21.110828637830764,2.908799147872396,4.396131659041574,24.64135021097045
1234,f1_esp,21.446412868032223,-21.110828637830764,2.908799147872396,4.396131659041574,24.64135021097045
1235,f1_esp,21.446412868032223,-21.110828637830764,2.908799147872396,4.396131659041574,24.64135021097045
1236,f1_esp,21.446412868032223,-21.110828637830764,2.908799147872396,4.396131659041574,24.64135021097045
1237,f1_esp,21.446412868032223,-21.110828637830764,2.908799147872396,4.396131659041574,24.64135021097045
1238,f1_esp,21.446412868032223,-21.110828637830764,2.908799147872396,4.396131659041574,24.64135021097045
1239,f1_esp,21.001972672356892,-21.03428008003828,3.0176659326053796,4.628774247704188,24.810126582278468
1240,f1_esp,21.001972672356892,-21.03428008003828,3.0176659326053796,4.628774247704188,24.810126582278468
1241,f1_esp,21.001972672356892,-21.03428008003828,3.0176659326053796,4.628774247704188,24.810126582278468
1242,f1_esp,21.001972672356892,-21.03428008003828,3.0176659326053796,4.628774247704188,24.810126582278468
1243,f1_esp,21.001972672356892,-21.03428008003828,3.0176659326053796,4.628774247704188,24.810126582278468
1244,f1_esp,21.001972672356892,-21.03428008003828,3.0176659326053796,4.628774247704188,24.810126582278468
1245,f1_esp,21.001972672356892,-21.03428008003828,3.0176659326053796,4.628774247704188,24.810126582278468
1246,f1_esp,21.001972672356892,-21.03428008003828,3.0176659326053796,4.628774247704188,24.810126582278468
1247,f1_esp,21.001972672356892,-21.03428008003828,3.0176659326053796,4.628774247704188,24.810126582278468
1248,f1_esp,21.001972672356892,-21.03428008003828,3.0176659326053796,4.628774247704188,24.810126582278468
1249,f1_esp,20.534574728877942,-20.992754165454418,3.158497114018598,4.763044739383073,25.021097046413487
1250,f1_esp,20.534574728877942,-20.992754165454418,3.158497114018598,4.763044739383073,25.021097046413487
1251,f1_esp,20.534574728877942,-20.992754165454418,3.158497114018598,4.763044739383073,25.021097046413487
1252,f1_esp,20.534574728877942,-20.992754165454418,3.158497114018598,4.763044739383073,25.021097046413487
1253,f1_esp,20.534574728877942,-20.992754165454418,3.158497114018598,4.763044739383073,25.021097046413487
1254,f1_esp,20.534574728877942,-20.992754165454418,3.158497114018598,4.763044739383073,25.021097046413487
1255,f1_esp,20.534574728877942,-20.992754165454418,3.158497114018598,4.763044739383073,25.021097046413487
1256,f1_esp,20.534574728877942,-20.992754165454418,3.158497114018598,4.763044739383073,25.021097046413487
1257,f1_esp,20.534574728877942,-20.992754165454418,3.158497114018598,4.763044739383073,25.021097046413487
1258,f1_esp,20.534574728877942,-20.992754165454418,3.158497114018598,4.763044739383073,25.021097046413487
1259,f1_esp,20.05483121010862,-20.99796131858761,3.2368567602566616,4.8368891986082145,25.23206751054851
1260,f1_esp,20.05483121010862,-20.99796131858761,3.2368567602566616,4.8368891986082145,25.23206751054851
1261,f1_esp,20.05483121010862,-20.99796131858761,3.2368567602566616,4.8368891986082145,25.23206751054851
1262,f1_esp,20.05483121010862,-20.99796131858761,3.2368567602566616,4.8368891986082145,25.23206751054851
1263,f1_esp,20.05483121010862,-20.99796131858761,3.2368567602566616,4.8368891986082145,25.23206751054851
1264,f1_esp,20.05483121010862,-20.99796131858761,3.2368567602566616,4.8368891986082145,25.23206751054851
1265,f1_esp,20.05483121010862,-20.99796131858761,3.2368567602566616,4.8368891986082145,25.23206751054851
1266,f1_esp,20.05483121010862,-20.99796131858761,3.2368567602566616,4.8368891986082145,25.23206751054851
1267,f1_esp,20.05483121010862,-20.99796131858761,3.2368567602566616,4.8368891986082145,25.23206751054851
1268,f1_esp,20.05483121010862,-20.99796131858761,3.2368567602566616,4.8368891986082145,25.23206751054851
1269,f1_esp,19.578857729525097,-21.031553177376693,3.2570314525753834,4.730621110139192,25.400843881856527
1270,f1_esp,19.578857729525097,-21.031553177376693,3.2570314525753834,4.730621110139192,25.400843881856527
1271,f1_esp,19.578857729525097,-21.031553177376693,3.2570314525753834,4.730621110139192,25.400843881856527
1272,f1_esp,19.578857729525097,-21.031553177376693,3.2570314525753834,4.730621110139192,25.400843881856527
1273,f1_esp,19.578857729525097,-21.031553177376693,3.2570314525753834,4.730621110139192,25.400843881856527
1274,f1_esp,19.578857729525097,-21.031553177376693,3.2570314525753834,4.730621110139192,25.400843881856527
1275,f1_esp,19.578857729525097,-21.031553177376693,3.2570314525753834,4.730621110139192,25.400843881856527
1276,f1_esp,19.578857729525097,-21.031553177376693,3.2570314525753834,4.730621110139192,25.400843881856527
1277,f1_esp,19.578857729525097,-21.031553177376693,3.2570314525753834,4.730621110139192,25.400843881856527
1278,f1_esp,19.578857729525097,-21.031553177376693,3.2570314525753834,4.730621110139192,25.400843881856527
1279,f1_esp,19.106906409608914,-21.076008002083665,3.2370780774255743,4.750612581046062,25.611814345991547
1280,f1_esp,19.106906409608914,-21.076008002083665,3.2370780774255743,4.750612581046062,25.611814345991547
1281,f1_esp,19.106906409608914,-21.076008002083665,3.2370780774255743,4.750612581046062,25.611814345991547
1282,f1_esp,19.106906409608914,-21.076008002083665,3.2370780774255743,4.750612581046062,25.611814345991547
1283,f1_esp,19.106906409608914,-21.076008002083665,3.2370780774255743,4.750612581046062,25.611814345991547
1284,f1_esp,19.106906409608914,-21.076008002083665,3.2370780774255743,4.750612581046062,25.611814345991547
1285,f1_esp,19.106906409608914,-21.076008002083665,3.2370780774255743,4.750612581046062,25.611814345991547
1286,f1_esp,19.106906409608914,-21.076008002083665,3.2370780774255743,4.750612581046062,25.611814345991547
1287,f1_esp,19.106906409608914,-21.076008002083665,3.2370780774255743,4.750612581046062,25.611814345991547
1288,f1_esp,19.106906409608914,-21.076008002083665,3.2370780774255743,4.750612581046062,25.611814345991547
1289,f1_esp,18.632846580075814,-21.118962033655382,3.2174778917355784,4.769863574944007,25.78059071729956
1290,f1_esp,18.632846580075814,-21.118962033655382,3.2174778917355784,4.769863574944007,25.78059071729956
1291,f1_esp,18.632846580075814,-21.118962033655382,3.2174778917355784,4.769863574944007,25.78059071729956
1292,f1_esp,18.632846580075814,-21.118962033655382,3.2174778917355784,4.769863574944007,25.78059071729956
1293,f1_esp,18.632846580075814,-21.118962033655382,3.2174778917355784,4.769863574944007,25.78059071729956
1294,f1_esp,18.632846580075814,-21.118962033655382,3.2174778917355784,4.769863574944007,25.78059071729956
1295,f1_esp,18.632846580075814,-21.118962033655382,3.2174778917355784,4.769863574944007,25.78059071729956
1296,f1_esp,18.632846580075814,-21.118962033655382,3.2174778917355784,4.769863574944007,25.78059071729956
1297,f1_esp,18.632846580075814,-21.118962033655382,3.2174778917355784,4.769863574944007,25.78059071729956
1298,f1_esp,18.632846580075814,-21.118962033655382,3.2174778917355784,4.769863574944007,25.78059071729956
1299,f1_esp,18.156359310206703,-21.154918265803396,3.197324414358621,4.787442862264196,25.991561181434587
1300,f1_esp,18.156359310206703,-21.154918265803396,3.197324414358621,4.787442862264196,25.991561181434587
1301,f1_esp,18.156359310206703,-21.154918265803396,3.197324414358621,4.787442862264196,25.991561181434587
1302,f1_esp,18.156359310206703,-21.154918265803396,3.197324414358621,4.787442862264196,25.991561181434587
1303,f1_esp,18.156359310206703,-21.154918265803396,3.197324414358621,4.787442862264196,25.991561181434587
1304,f1_esp,18.156359310206703,-21.154918265803396,3.197324414358621,4.787442862264196,25.991561181434587
1305,f1_esp,18.156359310206703,-21.154918265803396,3.197324414358621,4.787442862264196,25.991561181434587
1306,f1_esp,18.156359310206703,-21.154918265803396,3.197324414358621,4.787442862264196,25.991561181434587
1307,f1_esp,18.156359310206703,-21.154918265803396,3.197324414358621,4.787442862264196,25.991561181434587
1308,f1_esp,18.156359310206703,-21.154918265803396,3.197324414358621,4.787442862264196,25.991561181434587
1309,f1_esp,17.677527526985262,-21.182035504033937,3.1778508251444073,4.805050502835367,26.202531645569604
1310,f1_esp,17.677527526985262,-21.182035504033937,3.1778508251444073,4.805050502835367,26.202531645569604
1311,f1_esp,17.677527526985262,-21.182035504033937,3.1778508251444073,4.805050502835367,26.202531645569604
1312,f1_esp,17.677527526985262,-21.182035504033937,3.1778508251444073,4.805050502835367,26.202531645569604
1313,f1_esp,17.677527526985262,-21.182035504033937,3.1778508251444073,4.805050502835367,26.202531645569604
1314,f1_esp,17.677527526985262,-21.182035504033937,3.1778508251444073,4.805050502835367,26.202531645569604
1315,f1_esp,17.677527526985262,-21.182035504033937,3.1778508251444073,4.805050502835367,26.202531645569604
1316,f1_esp,17.677527526985262,-21.182035504033937,3.1778508251444073,4.805050502835367,26.202531645569604
1317,f1_esp,17.677527526985262,-21.182035504033937,3.1778508251444073,4.805050502835367,26.202531645569604
1318,f1_esp,17.677527526985262,-21.182035504033937,3.1778508251444073,4.805050502835367,26.202531645569604
1319,f1_esp,17.19680428525901,-21.19986719575058,3.1577976753636596,4.81641154872486,26.413502109704627
1320,f1_esp,17.19680428525901,-21.19986719575058,3.1577976753636596,4.81641154872486,26.413502109704627
1321,f1_esp,17.19680428525901,-21.19986719575058,3.1577976753636596,4.81641154872486,26.413502109704627
1322,f1_esp,17.19680428525901,-21.19986719575058,3.1577976753636596,4.81641154872486,26.413502109704627
1323,f1_esp,17.19680428525901,-21.19986719575058,3.1577976753636596,4.81641154872486,26.413502109704627
1324,f1_esp,17.19680428525901,-21.19986719575058,3.1577976753636596,4.81641154872486,26.413502109704627
1325,f1_esp,17.19680428525901,-21.19986719575058,3.1577976753636596,4.81641154872486,26.413502109704627
1326,f1_esp,17.19680428525901,-21.19986719575058,3.1577976753636596,4.81641154872486,26.413502109704627
1327,f1_esp,17.19680428525901,-21.19986719575058,3.1577976753636596,4.81641154872486,26.413502109704627
1328,f1_esp,17.19680428525901,-21.19986719575058,3.1577976753636596,4.81641154872486,26.413502109704627
1329,f1_esp,16.714407443545273,-21.207933639165383,3.137147844251494,4.833372042804293,26.624472573839647
1330,f1_esp,16.714407443545273,-21.207933639165383,3.137147844251494,4.833372042804293,26.624472573839647
1331,f1_esp,16.714407443545273,-21.207933639165383,3.137147844251494,4.833372042804293,26.624472573839647
1332,f1_esp,16.714407443545273,-21.207933639165383,3.137147844251494,4.833372042804293,26.624472573839647
1333,f1_esp,16.714407443545273,-21.207933639165383,3.137147844251494,4.833372042804293,26.624472573839647
1334,f1_esp,16.714407443545273,-21.207933639165383,3.137147844251494,4.833372042804293,26.624472573839647
1335,f1_esp,16.714407443545273,-21.207933639165383,3.137147844251494,4.833372042804293,26.624472573839647
1336,f1_esp,16.714407443545273,-21.207933639165383,3.137147844251494,4.833372042804293,26.624472573839647
1337,f1_esp,16.714407443545273,-21.207933639165383,3.137147844251494,4.833372042804293,26.624472573839647
1338,f1_esp,16.714407443545273,-21.207933639165383,3.137147844251494,4.833372042804293,26.624472573839647
1339,f1_esp,16.230221334863476,-21.20385773680103,3.1037908988473157,4.851336937179759,26.83544303797467
1340,f1_esp,16.230221334863476,-21.20385773680103,3.1037908988473157,4.851336937179759,26.83544303797467
1341,f1_esp,16.230221334863476,-21.20385773680103,3.1037908988473157,4.851336937179759,26.83544303797467
1342,f1_esp,16.230221334863476,-21.20385773680103,3.1037908988473157,4.851336937179759,26.83544303797467
1343,f1_esp,16.230221334863476,-21.20385773680103,3.1037908988473157,4.851336937179759,26.83544303797467
1344,f1_esp,16.230221334863476,-21.20385773680103,3.1037908988473157,4.851336937179759,26.83544303797467
1345,f1_esp,16.230221334863476,-21.20385773680103,3.1037908988473157,4.851336937179759,26.83544303797467
1346,f1_esp,16.230221334863476,-21.20385773680103,3.1037908988473157,4.851336937179759,26.83544303797467
1347,f1_esp,16.230221334863476,-21.20385773680103,3.1037908988473157,4.851336937179759,26.83544303797467
1348,f1_esp,16.230221334863476,-21.20385773680103,3.1037908988473157,4.851336937179759,26.83544303797467
1349,f1_esp,15.744433931441856,-21.187379433098215,3.084028543233112,4.870608037429616,27.04641350210969
1350,f1_esp,15.744433931441856,-21.187379433098215,3.084028543233112,4.870608037429616,27.04641350210969
1351,f1_esp,15.744433931441856,-21.187379433098215,3.084028543233112,4.870608037429616,27.04641350210969
1352,f1_esp,15.744433931441856,-21.187379433098215,3.084028543233112,4.870608037429616,27.04641350210969
1353,f1_esp,15.744433931441856,-21.187379433098215,3.084028543233112,4.870608037429616,27.04641350210969
1354,f1_esp,15.744433931441856,-21.187379433098215,3.084028543233112,4.870608037429616,27.04641350210969
1355,f1_esp,15.744433931441856,-21.187379433098215,3.084028543233112,4.870608037429616,27.04641350210969
1356,f1_esp,15.744433931441856,-21.187379433098215,3.084028543233112,4.870608037429616,27.04641350210969
1357,f1_esp,15.744433931441856,-21.187379433098215,3.084028543233112,4.870608037429616,27.04641350210969
1358,f1_esp,15.744433931441856,-21.187379433098215,3.084028543233112,4.870608037429616,27.04641350210969
1359,f1_esp,15.257237988577321,-21.16031346587985,3.064852491350657,4.888876293903143,27.257383966244713
1360,f1_esp,15.257237988577321,-21.16031346587985,3.064852491350657,4.888876293903143,27.257383966244713
1361,f1_esp,15.257237988577321,-21.16031346587985,3.064852491350657,4.888876293903143,27.257383966244713
1362,f1_esp,15.257237988577321,-21.16031346587985,3.064852491350657,4.888876293903143,27.257383966244713
1363,f1_esp,15.257237988577321,-21.16031346587985,3.064852491350657,4.888876293903143,27.257383966244713
1364,f1_esp,15.257237988577321,-21.16031346587985,3.064852491350657,4.888876293903143,27.257383966244713
1365,f1_esp,15.257237988577321,-21.16031346587985,3.064852491350657,4.888876293903143,27.257383966244713
1366,f1_esp,15.257237988577321,-21.16031346587985,3.064852491350657,4.888876293903143,27.257383966244713
1367,f1_esp,15.257237988577321,-21.16031346587985,3.064852491350657,4.888876293903143,27.257383966244713
1368,f1_esp,15.257237988577321,-21.16031346587985,3.064852491350657,4.888876293903143,27.257383966244713
1369,f1_esp,14.76875003350289,-21.125143644023122,3.0585052874765313,4.906563866257897,27.42616033755273
1370,f1_esp,14.76875003350289,-21.125143644023122,3.0585052874765313,4.906563866257897,27.42616033755273
1371,f1_esp,14.76875003350289,-21.125143644023122,3.0585052874765313,4.906563866257897,27.42616033755273
1372,f1_esp,14.76875003350289,-21.125143644023122,3.0585052874765313,4.906563866257897,27.42616033755273
1373,f1_esp,14.76875003350289,-21.125143644023122,3.0585052874765313,4.906563866257897,27.42616033755273
1374,f1_esp,14.76875003350289,-21.125143644023122,3.0585052874765313,4.906563866257897,27.42616033755273
1375,f1_esp,14.76875003350289,-21.125143644023122,3.0585052874765313,4.906563866257897,27.42616033755273
1376,f1_esp,14.76875003350289,-21.125143644023122,3.0585052874765313,4.906563866257897,27.42616033755273
1377,f1_esp,14.76875003350289,-21.125143644023122,3.0585052874765313,4.906563866257897,27.42616033755273
1378,f1_esp,14.76875003350289,-21.125143644023122,3.0585052874765313,4.906563866257897,27.42616033755273
1379,f1_esp,14.27864982207926,-21.089335369297775,3.0793463232008595,4.9218941476428615,27.637130801687753
1380,f1_esp,14.27864982207926,-21.089335369297775,3.0793463232008595,4.9218941476428615,27.637130801687753
1381,f1_esp,14.27864982207926,-21.089335369297775,3.0793463232008595,4.9218941476428615,27.637130801687753
1382,f1_esp,14.27864982207926,-21.089335369297775,3.0793463232008595,4.9218941476428615,27.637130801687753
1383,f1_esp,14.27864982207926,-21.089335369297775,3.0793463232008595,4.9218941476428615,27.637130801687753
1384,f1_esp,14.27864982207926,-21.089335369297775,3.0793463232008595,4.9218941476428615,27.637130801687753
1385,f1_esp,14.27864982207926,-21.089335369297775,3.0793463232008595,4.9218941476428615,27.637130801687753
1386,f1_esp,14.27864982207926,-21.089335369297775,3.0793463232008595,4.9218941476428615,27.637130801687753
1387,f1_esp,14.27864982207926,-21.089335369297775,3.0793463232008595,4.9218941476428615,27.637130801687753
1388,f1_esp,14.27864982207926,-21.089335369297775,3.0793463232008595,4.9218941476428615,27.637130801687753
1389,f1_esp,13.78634535047653,-21.058072928422895,3.0865333169711855,4.944509264983567,27.848101265822773
1390,f1_esp,13.78634535047653,-21.058072928422895,3.0865333169711855,4.944509264983567,27.848101265822773
1391,f1_esp,13.78634535047653,-21.058072928422895,3.0865333169711855,4.944509264983567,27.848101265822773
1392,f1_esp,13.78634535047653,-21.058072928422895,3.0865333169711855,4.944509264983567,27.848101265822773
1393,f1_esp,13.78634535047653,-21.058072928422895,3.0865333169711855,4.944509264983567,27.848101265822773
1394,f1_esp,13.78634535047653,-21.058072928422895,3.0865333169711855,4.944509264983567,27.848101265822773
1395,f1_esp,13.78634535047653,-21.058072928422895,3.0865333169711855,4.944509264983567,27.848101265822773
1396,f1_esp,13.78634535047653,-21.058072928422895,3.0865333169711855,4.944509264983567,27.848101265822773
1397,f1_esp,13.78634535047653,-21.058072928422895,3.0865333169711855,4.944509264983567,27.848101265822773
1398,f1_esp,13.78634535047653,-21.058072928422895,3.0865333169711855,4.944509264983567,27.848101265822773
1399,f1_esp,13.292300445867324,-21.024869180286355,3.051599806223578,4.9591333432460365,28.059071729957797
1400,f1_esp,13.292300445867324,-21.024869180286355,3.051599806223578,4.9591333432460365,28.059071729957797
1401,f1_esp,13.292300445867324,-21.024869180286355,3.051599806223578,4.9591333432460365,28.059071729957797
1402,f1_esp,13.292300445867324,-21.024869180286355,3.051599806223578,4.9591333432460365,28.059071729957797
1403,f1_esp,13.292300445867324,-21.024869180286355,3.051599806223578,4.9591333432460365,28.059071729957797
1404,f1_esp,13.292300445867324,-21.024869180286355,3.051599806223578,4.9591333432460365,28.059071729957797
1405,f1_esp,13.292300445867324,-21.024869180286355,3.051599806223578,4.9591333432460365,28.059071729957797
1406,f1_esp,13.292300445867324,-21.024869180286355,3.051599806223578,4.9591333432460365,28.059071729957797
1407,f1_esp,13.292300445867324,-21.024869180286355,3.051599806223578,4.9591333432460365,28.059071729957797
1408,f1_esp,13.292300445867324,-21.024869180286355,3.051599806223578,4.9591333432460365,28.059071729957797
1409,f1_esp,12.798685210107344,-20.972423061013682,2.9613979348518744,4.970594054347599,28.270042194092817
1410,f1_esp,12.798685210107344,-20.972423061013682,2.9613979348518744,4.970594054347599,28.270042194092817
1411,f1_esp,12.798685210107344,-20.972423061013682,2.9613979348518744,4.970594054347599,28.270042194092817
1412,f1_esp,12.798685210107344,-20.972423061013682,2.9613979348518744,4.970594054347599,28.270042194092817
1413,f1_esp,12.798685210107344,-20.972423061013682,2.9613979348518744,4.970594054347599,28.270042194092817
1414,f1_esp,12.798685210107344,-20.972423061013682,2.9613979348518744,4.970594054347599,28.270042194092817
1415,f1_esp,12.798685210107344,-20.972423061013682,2.9613979348518744,4.970594054347599,28.270042194092817
1416,f1_esp,12.798685210107344,-20.972423061013682,2.9613979348518744,4.970594054347599,28.270042194092817
1417,f1_esp,12.798685210107344,-20.972423061013682,2.9613979348518744,4.970594054347599,28.270042194092817
1418,f1_esp,12.798685210107344,-20.972423061013682,2.9613979348518744,4.970594054347599,28.270042194092817
1419,f1_esp,12.311146929461799,-20.87499174316152,2.807244431852389,4.978595993247499,28.438818565400837
1420,f1_esp,12.311146929461799,-20.87499174316152,2.807244431852389,4.978595993247499,28.438818565400837
1421,f1_esp,12.311146929461799,-20.87499174316152,2.807244431852389,4.978595993247499,28.438818565400837
1422,f1_esp,12.311146929461799,-20.87499174316152,2.807244431852389,4.978595993247499,28.438818565400837
1423,f1_esp,12.311146929461799,-20.87499174316152,2.807244431852389,4.978595993247499,28.438818565400837
1424,f1_esp,12.311146929461799,-20.87499174316152,2.807244431852389,4.978595993247499,28.438818565400837
1425,f1_esp,12.311146929461799,-20.87499174316152,2.807244431852389,4.978595993247499,28.438818565400837
1426,f1_esp,12.311146929461799,-20.87499174316152,2.807244431852389,4.978595993247499,28.438818565400837
1427,f1_esp,12.311146929461799,-20.87499174316152,2.807244431852389,4.978595993247499,28.438818565400837
1428,f1_esp,12.311146929461799,-20.87499174316152,2.807244431852389,4.978595993247499,28.438818565400837
1429,f1_esp,11.842215275668709,-20.708754477096434,2.6270189051976893,4.983838453875727,28.649789029535853
1430,f1_esp,11.842215275668709,-20.708754477096434,2.6270189051976893,4.983838453875727,28.649789029535853
1431,f1_esp,11.842215275668709,-20.708754477096434,2.6270189051976893,4.983838453875727,28.649789029535853
1432,f1_esp,11.842215275668709,-20.708754477096434,2.6270189051976893,4.983838453875727,28.649789029535853
1433,f1_esp,11.842215275668709,-20.708754477096434,2.6270189051976893,4.983838453875727,28.649789029535853
1434,f1_esp,11.842215275668709,-20.708754477096434,2.6270189051976893,4.983838453875727,28.649789029535853
1435,f1_esp,11.842215275668709,-20.708754477096434,2.6270189051976893,4.983838453875727,28.649789029535853
1436,f1_esp,11.842215275668709,-20.708754477096434,2.6270189051976893,4.983838453875727,28.649789029535853
1437,f1_esp,11.842215275668709,-20.708754477096434,2.6270189051976893,4.983838453875727,28.649789029535853
1438,f1_esp,11.842215275668709,-20.708754477096434,2.6270189051976893,4.983838453875727,28.649789029535853
1439,f1_esp,11.406336295975015,-20.467952666908694,2.4454971981442424,4.986993073254362,28.818565400843877
1440,f1_esp,11.406336295975015,-20.467952666908694,2.4454971981442424,4.986993073254362,28.818565400843877
1441,f1_esp,11.406336295975015,-20.467952666908694,2.4454971981442424,4.986993073254362,28.818565400843877
1442,f1_esp,11.406336295975015,-20.467952666908694,2.4454971981442424,4.986993073254362,28.818565400843877
1443,f1_esp,11.406336295975015,-20.467952666908694,2.4454971981442424,4.986993073254362,28.818565400843877
1444,f1_esp,11.406336295975015,-20.467952666908694,2.4454971981442424,4.986993073254362,28.818565400843877
1445,f1_esp,11.406336295975015,-20.467952666908694,2.4454971981442424,4.986993073254362,28.818565400843877
1446,f1_esp,11.406336295975015,-20.467952666908694,2.4454971981442424,4.986993073254362,28.818565400843877
1447,f1_esp,11.406336295975015,-20.467952666908694,2.4454971981442424,4.986993073254362,28.818565400843877
1448,f1_esp,11.406336295975015,-20.467952666908694,2.4454971981442424,4.986993073254362,28.818565400843877
1449,f1_esp,11.017760425995279,-20.15620633716645,2.2773893138678676,4.988732656109528,28.987341772151893
1450,f1_esp,11.017760425995279,-20.15620633716645,2.2773893138678676,4.988732656109528,28.987341772151893
1451,f1_esp,11.017760425995279,-20.15620633716645,2.2773893138678676,4.988732656109528,28.987341772151893
1452,f1_esp,11.017760425995279,-20.15620633716645,2.2773893138678676,4.988732656109528,28.987341772151893
1453,f1_esp,11.017760425995279,-20.15620633716645,2.2773893138678676,4.988732656109528,28.987341772151893
1454,f1_esp,11.017760425995279,-20.15620633716645,2.2773893138678676,4.988732656109528,28.987341772151893
1455,f1_esp,11.017760425995279,-20.15620633716645,2.2773893138678676,4.988732656109528,28.987341772151893
1456,f1_esp,11.017760425995279,-20.15620633716645,2.2773893138678676,4.988732656109528,28.987341772151893
1457,f1_esp,11.017760425995279,-20.15620633716645,2.2773893138678676,4.988732656109528,28.987341772151893
1458,f1_esp,11.017760425995279,-20.15620633716645,2.2773893138678676,4.988732656109528,28.987341772151893
1459,f1_esp,10.684441906127093,-19.785608125947416,2.1437699328141964,4.989968193185264,29.198312236286917
1460,f1_esp,10.684441906127093,-19.785608125947416,2.1437699328141964,4.989968193185264,29.198312236286917
1461,f1_esp,10.684441906127093,-19.785608125947416,2.1437699328141964,4.989968193185264,29.198312236286917
1462,f1_esp,10.684441906127093,-19.785608125947416,2.1437699328141964,4.989968193185264,29.198312236286917
1463,f1_esp,10.684441906127093,-19.785608125947416,2.1437699328141964,4.989968193185264,29.198312236286917
1464,f1_esp,10.684441906127093,-19.785608125947416,2.1437699328141964,4.989968193185264,29.198312236286917
1465,f1_esp,10.684441906127093,-19.785608125947416,2.1437699328141964,4.989968193185264,29.198312236286917
1466,f1_esp,10.684441906127093,-19.785608125947416,2.1437699328141964,4.989968193185264,29.198312236286917
1467,f1_esp,10.684441906127093,-19.785608125947416,2.1437699328141964,4.989968193185264,29.198312236286917
1468,f1_esp,10.684441906127093,-19.785608125947416,2.1437699328141964,4.989968193185264,29.198312236286917
1469,f1_esp,10.405019708632716,-19.372529325354428,2.020451336650371,4.990081946193625,29.367088607594933
1470,f1_esp,10.405019708632716,-19.372529325354428,2.020451336650371,4.990081946193625,29.367088607594933
1471,f1_esp,10.405019708632716,-19.372529325354428,2.020451336650371,4.990081946193625,29.367088607594933
1472,f1_esp,10.405019708632716,-19.372529325354428,2.020451336650371,4.990081946193625,29.367088607594933
1473,f1_esp,10.405019708632716,-19.372529325354428,2.020451336650371,4.990081946193625,29.367088607594933
1474,f1_esp,10.405019708632716,-19.372529325354428,2.020451336650371,4.990081946193625,29.367088607594933
1475,f1_esp,10.405019708632716,-19.372529325354428,2.020451336650371,4.990081946193625,29.367088607594933
1476,f1_esp,10.405019708632716,-19.372529325354428,2.020451336650371,4.990081946193625,29.367088607594933
1477,f1_esp,10.405019708632716,-19.372529325354428,2.020451336650371,4.990081946193625,29.367088607594933
1478,f1_esp,10.405019708632716,-19.372529325354428,2.020451336650371,4.990081946193625,29.367088607594933
1479,f1_esp,10.181384106935557,-18.9269599463665,1.8910132384283627,4.987911240862373,29.578059071729957
1480,f1_esp,10.181384106935557,-18.9269599463665,1.8910132384283627,4.987911240862373,29.578059071729957
1481,f1_esp,10.181384106935557,-18.9269599463665,1.8910132384283627,4.987911240862373,29.578059071729957
1482,f1_esp,10.181384106935557,-18.9269599463665,1.8910132384283627,4.987911240862373,29.578059071729957
1483,f1_esp,10.181384106935557,-18.9269599463665,1.8910132384283627,4.987911240862373,29.578059071729957
1484,f1_esp,10.181384106935557,-18.9269599463665,1.8910132384283627,4.987911240862373,29.578059071729957
1485,f1_esp,10.181384106935557,-18.9269599463665,1.8910132384283627,4.987911240862373,29.578059071729957
1486,f1_esp,10.181384106935557,-18.9269599463665,1.8910132384283627,4.987911240862373,29.578059071729957
1487,f1_esp,10.181384106935557,-18.9269599463665,1.8910132384283627,4.987911240862373,29.578059071729957
1488,f1_esp,10.181384106935557,-18.9269599463665,1.8910132384283627,4.987911240862373,29.578059071729957
1489,f1_esp,10.021104681238787,-18.45508634998208,1.7412303071955504,4.98704157552309,29.746835443037973
1490,f1_esp,10.021104681238787,-18.45508634998208,1.7412303071955504,4.98704157552309,29.746835443037973
1491,f1_esp,10.021104681238787,-18.45508634998208,1.7412303071955504,4.98704157552309,29.746835443037973
1492,f1_esp,10.021104681238787,-18.45508634998208,1.7412303071955504,4.98704157552309,29.746835443037973
1493,f1_esp,10.021104681238787,-18.45508634998208,1.7412303071955504,4.98704157552309,29.746835443037973
1494,f1_esp,10.021104681238787,-18.45508634998208,1.7412303071955504,4.98704157552309,29.746835443037973
1495,f1_esp,10.021104681238787,-18.45508634998208,1.7412303071955504,4.98704157552309,29.746835443037973
1496,f1_esp,10.021104681238787,-18.45508634998208,1.7412303071955504,4.98704157552309,29.746835443037973
1497,f1_esp,10.021104681238787,-18.45508634998208,1.7412303071955504,4.98704157552309,29.746835443037973
1498,f1_esp,10.021104681238787,-18.45508634998208,1.7412303071955504,4.98704157552309,29.746835443037973
1499,f1_esp,9.929876323036794,-17.965325348487767,1.574293797735182,4.98784855250367,29.957805907172997
1500,f1_esp,9.929876323036794,-17.965325348487767,1.574293797735182,4.98784855250367,29.957805907172997
1501,f1_esp,9.929876323036794,-17.965325348487767,1.574293797735182,4.98784855250367,29.957805907172997
1502,f1_esp,9.929876323036794,-17.965325348487767,1.574293797735182,4.98784855250367,29.957805907172997
1503,f1_esp,9.929876323036794,-17.965325348487767,1.574293797735182,4.98784855250367,29.957805907172997
1504,f1_esp,9.929876323036794,-17.965325348487767,1.574293797735182,4.98784855250367,29.957805907172997
1505,f1_esp,9.929876323036794,-17.965325348487767,1.574293797735182,4.98784855250367,29.957805907172997
1506,f1_esp,9.929876323036794,-17.965325348487767,1.574293797735182,4.98784855250367,29.957805907172997
1507,f1_esp,9.929876323036794,-17.965325348487767,1.574293797735182,4.98784855250367,29.957805907172997
1508,f1_esp,9.929876323036794,-17.965325348487767,1.574293797735182,4.98784855250367,29.957805907172997
1509,f1_esp,9.914093697045097,-17.46714554681646,1.4164480071545897,4.988660176635441,30.126582278481017
1510,f1_esp,9.914093697045097,-17.46714554681646,1.4164480071545897,4.988660176635441,30.126582278481017
1511,f1_esp,9.914093697045097,-17.46714554681646,1.4164480071545897,4.988660176635441,30.126582278481017
1512,f1_esp,9.914093697045097,-17.46714554681646,1.4164480071545897,4.988660176635441,30.126582278481017
1513,f1_esp,9.914093697045097,-17.46714554681646,1.4164480071545897,4.988660176635441,30.126582278481017
1514,f1_esp,9.914093697045097,-17.46714554681646,1.4164480071545897,4.988660176635441,30.126582278481017
1515,f1_esp,9.914093697045097,-17.46714554681646,1.4164480071545897,4.988660176635441,30.126582278481017
1516,f1_esp,9.914093697045097,-17.46714554681646,1.4164480071545897,4.988660176635441,30.126582278481017
1517,f1_esp,9.914093697045097,-17.46714554681646,1.4164480071545897,4.988660176635441,30.126582278481017
1518,f1_esp,9.914093697045097,-17.46714554681646,1.4164480071545897,4.988660176635441,30.126582278481017
1519,f1_esp,9.962705262611815,-16.97089590467126,1.3286367740473033,4.989738282509975,30.337552742616037
1520,f1_esp,9.962705262611815,-16.97089590467126,1.3286367740473033,4.989738282509975,30.337552742616037
1521,f1_esp,9.962705262611815,-16.97089590467126,1.3286367740473033,4.989738282509975,30.337552742616037
1522,f1_esp,9.962705262611815,-16.97089590467126,1.3286367740473033,4.989738282509975,30.337552742616037
1523,f1_esp,9.962705262611815,-16.97089590467126,1.3286367740473033,4.989738282509975,30.337552742616037
1524,f1_esp,9.962705262611815,-16.97089590467126,1.3286367740473033,4.989738282509975,30.337552742616037
1525,f1_esp,9.962705262611815,-16.97089590467126,1.3286367740473033,4.989738282509975,30.337552742616037
1526,f1_esp,9.962705262611815,-16.97089590467126,1.3286367740473033,4.989738282509975,30.337552742616037
1527,f1_esp,9.962705262611815,-16.97089590467126,1.3286367740473033,4.989738282509975,30.337552742616037
1528,f1_esp,9.962705262611815,-16.97089590467126,1.3286367740473033,4.989738282509975,30.337552742616037
1529,f1_esp,10.065253430438043,-16.482762864878907,1.2645773100217887,4.989817332620625,30.506329113924057
1530,f1_esp,10.065253430438043,-16.482762864878907,1.2645773100217887,4.989817332620625,30.506329113924057
1531,f1_esp,10.065253430438043,-16.482762864878907,1.2645773100217887,4.989817332620625,30.506329113924057
1532,f1_esp,10.065253430438043,-16.482762864878907,1.2645773100217887,4.989817332620625,30.506329113924057
1533,f1_esp,10.065253430438043,-16.482762864878907,1.2645773100217887,4.989817332620625,30.506329113924057
1534,f1_esp,10.065253430438043,-16.482762864878907,1.2645773100217887,4.989817332620625,30.506329113924057
1535,f1_esp,10.065253430438043,-16.482762864878907,1.2645773100217887,4.989817332620625,30.506329113924057
1536,f1_esp,10.065253430438043,-16.482762864878907,1.2645773100217887,4.989817332620625,30.506329113924057
1537,f1_esp,10.065253430438043,-16.482762864878907,1.2645773100217887,4.989817332620625,30.506329113924057
1538,f1_esp,10.065253430438043,-16.482762864878907,1.2645773100217887,4.989817332620625,30.506329113924057
1539,f1_esp,10.213942435300313,-16.007377881551594,1.1517721447305567,4.978931079094259,30.717299578059077
1540,f1_esp,10.213942435300313,-16.007377881551594,1.1517721447305567,4.978931079094259,30.717299578059077
1541,f1_esp,10.213942435300313,-16.007377881551594,1.1517721447305567,4.978931079094259,30.717299578059077
1542,f1_esp,10.213942435300313,-16.007377881551594,1.1517721447305567,4.978931079094259,30.717299578059077
1543,f1_esp,10.213942435300313,-16.007377881551594,1.1517721447305567,4.978931079094259,30.717299578059077
1544,f1_esp,10.213942435300313,-16.007377881551594,1.1517721447305567,4.978931079094259,30.717299578059077
1545,f1_esp,10.213942435300313,-16.007377881551594,1.1517721447305567,4.978931079094259,30.717299578059077
1546,f1_esp,10.213942435300313,-16.007377881551594,1.1517721447305567,4.978931079094259,30.717299578059077
1547,f1_esp,10.213942435300313,-16.007377881551594,1.1517721447305567,4.978931079094259,30.717299578059077
1548,f1_esp,10.213942435300313,-16.007377881551594,1.1517721447305567,4.978931079094259,30.717299578059077
1549,f1_esp,10.415665880269847,-15.552784187138545,1.0268734792212453,4.9743322496298354,30.9282700421941
1550,f1_esp,10.415665880269847,-15.552784187138545,1.0268734792212453,4.9743322496298354,30.9282700421941
1551,f1_esp,10.415665880269847,-15.552784187138545,1.0268734792212453,4.9743322496298354,30.9282700421941
1552,f1_esp,10.415665880269847,-15.552784187138545,1.0268734792212453,4.9743322496298354,30.9282700421941
1553,f1_esp,10.415665880269847,-15.552784187138545,1.0268734792212453,4.9743322496298354,30.9282700421941
1554,f1_esp,10.415665880269847,-15.552784187138545,1.0268734792212453,4.9743322496298354,30.9282700421941
1555,f1_esp,10.415665880269847,-15.552784187138545,1.0268734792212453,4.9743322496298354,30.9282700421941
1556,f1_esp,10.415665880269847,-15.552784187138545,1.0268734792212453,4.9743322496298354,30.9282700421941
1557,f1_esp,10.415665880269847,-15.552784187138545,1.0268734792212453,4.9743322496298354,30.9282700421941
1558,f1_esp,10.415665880269847,-15.552784187138545,1.0268734792212453,4.9743322496298354,30.9282700421941
1559,f1_esp,10.668422676811938,-15.124644281687523,0.9191734225776511,4.9748757172447595,31.097046413502117
1560,f1_esp,10.668422676811938,-15.124644281687523,0.9191734225776511,4.9748757172447595,31.097046413502117
1561,f1_esp,10.668422676811938,-15.124644281687523,0.9191734225776511,4.9748757172447595,31.097046413502117
1562,f1_esp,10.668422676811938,-15.124644281687523,0.9191734225776511,4.9748757172447595,31.097046413502117
1563,f1_esp,10.668422676811938,-15.124644281687523,0.9191734225776511,4.9748757172447595,31.097046413502117
1564,f1_esp,10.668422676811938,-15.124644281687523,0.9191734225776511,4.9748757172447595,31.097046413502117
1565,f1_esp,10.668422676811938,-15.124644281687523,0.9191734225776511,4.9748757172447595,31.097046413502117
1566,f1_esp,10.668422676811938,-15.124644281687523,0.9191734225776511,4.9748757172447595,31.097046413502117
1567,f1_esp,10.668422676811938,-15.124644281687523,0.9191734225776511,4.9748757172447595,31.097046413502117
1568,f1_esp,10.668422676811938,-15.124644281687523,0.9191734225776511,4.9748757172447595,31.097046413502117
1569,f1_esp,10.965467807717971,-14.725716815260665,0.8303380569910022,4.9762653263491154,31.30801687763714
1570,f1_esp,10.965467807717971,-14.725716815260665,0.8303380569910022,4.9762653263491154,31.30801687763714
1571,f1_esp,10.965467807717971,-14.725716815260665,0.8303380569910022,4.9762653263491154,31.30801687763714
1572,f1_esp,10.965467807717971,-14.725716815260665,0.8303380569910022,4.9762653263491154,31.30801687763714
1573,f1_esp,10.965467807717971,-14.725716815260665,0.8303380569910022,4.9762653263491154,31.30801687763714
1574,f1_esp,10.965467807717971,-14.725716815260665,0.8303380569910022,4.9762653263491154,31.30801687763714
1575,f1_esp,10.965467807717971,-14.725716815260665,0.8303380569910022,4.9762653263491154,31.30801687763714
1576,f1_esp,10.965467807717971,-14.725716815260665,0.8303380569910022,4.9762653263491154,31.30801687763714
1577,f1_esp,10.965467807717971,-14.725716815260665,0.8303380569910022,4.9762653263491154,31.30801687763714
1578,f1_esp,10.965467807717971,-14.725716815260665,0.8303380569910022,4.9762653263491154,31.30801687763714
1579,f1_esp,11.29689691202803,-14.355534558962637,0.7524366631395926,4.966170156360736,31.476793248945157
1580,f1_esp,11.29689691202803,-14.355534558962637,0.7524366631395926,4.966170156360736,31.476793248945157
1581,f1_esp,11.29689691202803,-14.355534558962637,0.7524366631395926,4.966170156360736,31.476793248945157
1582,f1_esp,11.29689691202803,-14.355534558962637,0.7524366631395926,4.966170156360736,31.476793248945157
1583,f1_esp,11.29689691202803,-14.355534558962637,0.7524366631395926,4.966170156360736,31.476793248945157
1584,f1_esp,11.29689691202803,-14.355534558962637,0.7524366631395926,4.966170156360736,31.476793248945157
1585,f1_esp,11.29689691202803,-14.355534558962637,0.7524366631395926,4.966170156360736,31.476793248945157
1586,f1_esp,11.29689691202803,-14.355534558962637,0.7524366631395926,4.966170156360736,31.476793248945157
1587,f1_esp,11.29689691202803,-14.355534558962637,0.7524366631395926,4.966170156360736,31.476793248945157
1588,f1_esp,11.29689691202803,-14.355534558962637,0.7524366631395926,4.966170156360736,31.476793248945157
1589,f1_esp,11.654468491512096,-14.010568610102737,0.6826745621969963,4.973449453514562,31.68776371308018
1590,f1_esp,11.654468491512096,-14.010568610102737,0.6826745621969963,4.973449453514562,31.68776371308018
1591,f1_esp,11.654468491512096,-14.010568610102737,0.6826745621969963,4.973449453514562,31.68776371308018
1592,f1_esp,11.654468491512096,-14.010568610102737,0.6826745621969963,4.973449453514562,31.68776371308018
1593,f1_esp,11.654468491512096,-14.010568610102737,0.6826745621969963,4.973449453514562,31.68776371308018
1594,f1_esp,11.654468491512096,-14.010568610102737,0.6826745621969963,4.973449453514562,31.68776371308018
1595,f1_esp,11.654468491512096,-14.010568610102737,0.6826745621969963,4.973449453514562,31.68776371308018
1596,f1_esp,11.654468491512096,-14.010568610102737,0.6826745621969963,4.973449453514562,31.68776371308018
1597,f1_esp,11.654468491512096,-14.010568610102737,0.6826745621969963,4.973449453514562,31.68776371308018
1598,f1_esp,11.654468491512096,-14.010568610102737,0.6826745621969963,4.973449453514562,31.68776371308018
1599,f1_esp,12.039190804827408,-13.694882600122677,0.5980300309084232,4.982329926385028,31.856540084388197
1600,f1_esp,12.039190804827408,-13.694882600122677,0.5980300309084232,4.982329926385028,31.856540084388197
1601,f1_esp,12.039190804827408,-13.694882600122677,0.5980300309084232,4.982329926385028,31.856540084388197
1602,f1_esp,12.039190804827408,-13.694882600122677,0.5980300309084232,4.982329926385028,31.856540084388197
1603,f1_esp,12.039190804827408,-13.694882600122677,0.5980300309084232,4.982329926385028,31.856540084388197
1604,f1_esp,12.039190804827408,-13.694882600122677,0.5980300309084232,4.982329926385028,31.856540084388197
1605,f1_esp,12.039190804827408,-13.694882600122677,0.5980300309084232,4.982329926385028,31.856540084388197
1606,f1_esp,12.039190804827408,-13.694882600122677,0.5980300309084232,4.982329926385028,31.856540084388197
1607,f1_esp,12.039190804827408,-13.694882600122677,0.5980300309084232,4.982329926385028,31.856540084388197
1608,f1_esp,12.039190804827408,-13.694882600122677,0.5980300309084232,4.982329926385028,31.856540084388197
1609,f1_esp,12.446157610644317,-13.407174321597543,0.5378210122327766,4.987770112740404,32.067510548523224
1610,f1_esp,12.446157610644317,-13.407174321597543,0.5378210122327766,4.987770112740404,32.067510548523224
1611,f1_esp,12.446157610644317,-13.407174321597543,0.5378210122327766,4.987770112740404,32.067510548523224
1612,f1_esp,12.446157610644317,-13.407174321597543,0.5378210122327766,4.987770112740404,32.067510548523224
1613,f1_esp,12.446157610644317,-13.407174321597543,0.5378210122327766,4.987770112740404,32.067510548523224
1614,f1_esp,12.446157610644317,-13.407174321597543,0.5378210122327766,4.987770112740404,32.067510548523224
1615,f1_esp,12.446157610644317,-13.407174321597543,0.5378210122327766,4.987770112740404,32.067510548523224
1616,f1_esp,12.446157610644317,-13.407174321597543,0.5378210122327766,4.987770112740404,32.067510548523224
1617,f1_esp,12.446157610644317,-13.407174321597543,0.5378210122327766,4.987770112740404,32.067510548523224
1618,f1_esp,12.446157610644317,-13.407174321597543,0.5378210122327766,4.987770112740404,32.067510548523224
1619,f1_esp,12.873499317219856,-13.150008054973277,0.4585542247920143,4.98989945677325,32.27848101265824
1620,f1_esp,12.873499317219856,-13.150008054973277,0.4585542247920143,4.98989945677325,32.27848101265824
1621,f1_esp,12.873499317219856,-13.150008054973277,0.4585542247920143,4.98989945677325,32.27848101265824
1622,f1_esp,12.873499317219856,-13.150008054973277,0.4585542247920143,4.98989945677325,32.27848101265824
1623,f1_esp,12.873499317219856,-13.150008054973277,0.4585542247920143,4.98989945677325,32.27848101265824
1624,f1_esp,12.873499317219856,-13.150008054973277,0.4585542247920143,4.98989945677325,32.27848101265824
1625,f1_esp,12.873499317219856,-13.150008054973277,0.4585542247920143,4.98989945677325,32.27848101265824
1626,f1_esp,12.873499317219856,-13.150008054973277,0.4585542247920143,4.98989945677325,32.27848101265824
1627,f1_esp,12.873499317219856,-13.150008054973277,0.4585542247920143,4.98989945677325,32.27848101265824
1628,f1_esp,12.873499317219856,-13.150008054973277,0.4585542247920143,4.98989945677325,32.27848101265824
1629,f1_esp,13.31989235250422,-12.933203117839813,0.3373039437691935,4.948369176828598,32.44725738396626
1630,f1_esp,13.31989235250422,-12.933203117839813,0.3373039437691935,4.948369176828598,32.44725738396626
1631,f1_esp,13.31989235250422,-12.933203117839813,0.3373039437691935,4.948369176828598,32.44725738396626
1632,f1_esp,13.31989235250422,-12.933203117839813,0.3373039437691935,4.948369176828598,32.44725738396626
1633,f1_esp,13.31989235250422,-12.933203117839813,0.3373039437691935,4.948369176828598,32.44725738396626
1634,f1_esp,13.31989235250422,-12.933203117839813,0.3373039437691935,4.948369176828598,32.44725738396626
1635,f1_esp,13.31989235250422,-12.933203117839813,0.3373039437691935,4.948369176828598,32.44725738396626
1636,f1_esp,13.31989235250422,-12.933203117839813,0.3373039437691935,4.948369176828598,32.44725738396626
1637,f1_esp,13.31989235250422,-12.933203117839813,0.3373039437691935,4.948369176828598,32.44725738396626
1638,f1_esp,13.31989235250422,-12.933203117839813,0.3373039437691935,4.948369176828598,32.44725738396626
1639,f1_esp,13.782284751270282,-12.766923896849093,0.2127490115895943,4.895758834779386,32.658227848101276
1640,f1_esp,13.782284751270282,-12.766923896849093,0.2127490115895943,4.895758834779386,32.658227848101276
1641,f1_esp,13.782284751270282,-12.766923896849093,0.2127490115895943,4.895758834779386,32.658227848101276
1642,f1_esp,13.782284751270282,-12.766923896849093,0.2127490115895943,4.895758834779386,32.658227848101276
1643,f1_esp,13.782284751270282,-12.766923896849093,0.2127490115895943,4.895758834779386,32.658227848101276
1644,f1_esp,13.782284751270282,-12.766923896849093,0.2127490115895943,4.895758834779386,32.658227848101276
1645,f1_esp,13.782284751270282,-12.766923896849093,0.2127490115895943,4.895758834779386,32.658227848101276
1646,f1_esp,13.782284751270282,-12.766923896849093,0.2127490115895943,4.895758834779386,32.658227848101276
1647,f1_esp,13.782284751270282,-12.766923896849093,0.2127490115895943,4.895758834779386,32.658227848101276
1648,f1_esp,13.782284751270282,-12.766923896849093,0.2127490115895943,4.895758834779386,32.658227848101276
1649,f1_esp,14.258815122492909,-12.65424333458423,0.11568723432467612,4.90317951784986,32.827004219409304
1650,f1_esp,14.258815122492909,-12.65424333458423,0.11568723432467612,4.90317951784986,32.827004219409304
1651,f1_esp,14.258815122492909,-12.65424333458423,0.11568723432467612,4.90317951784986,32.827004219409304
1652,f1_esp,14.258815122492909,-12.65424333458423,0.11568723432467612,4.90317951784986,32.827004219409304
1653,f1_esp,14.258815122492909,-12.65424333458423,0.11568723432467612,4.90317951784986,32.827004219409304
1654,f1_esp,14.258815122492909,-12.65424333458423,0.11568723432467612,4.90317951784986,32.827004219409304
1655,f1_esp,14.258815122492909,-12.65424333458423,0.11568723432467612,4.90317951784986,32.827004219409304
1656,f1_esp,14.258815122492909,-12.65424333458423,0.11568723432467612,4.90317951784986,32.827004219409304
1657,f1_esp,14.258815122492909,-12.65424333458423,0.11568723432467612,4.90317951784986,32.827004219409304
1658,f1_esp,14.258815122492909,-12.65424333458423,0.11568723432467612,4.90317951784986,32.827004219409304
1659,f1_esp,14.745669498062465,-12.58775776351861,0.05674396228368648,4.926739898397266,32.99578059071732
1660,f1_esp,14.745669498062465,-12.58775776351861,0.05674396228368648,4.926739898397266,32.99578059071732
1661,f1_esp,14.745669498062465,-12.58775776351861,0.05674396228368648,4.926739898397266,32.99578059071732
1662,f1_esp,14.745669498062465,-12.58775776351861,0.05674396228368648,4.926739898397266,32.99578059071732
1663,f1_esp,14.745669498062465,-12.58775776351861,0.05674396228368648,4.926739898397266,32.99578059071732
1664,f1_esp,14.745669498062465,-12.58775776351861,0.05674396228368648,4.926739898397266,32.99578059071732
1665,f1_esp,14.745669498062465,-12.58775776351861,0.05674396228368648,4.926739898397266,32.99578059071732
1666,f1_esp,14.745669498062465,-12.58775776351861,0.05674396228368648,4.926739898397266,32.99578059071732
1667,f1_esp,14.745669498062465,-12.58775776351861,0.05674396228368648,4.926739898397266,32.99578059071732
1668,f1_esp,14.745669498062465,-12.58775776351861,0.05674396228368648,4.926739898397266,32.99578059071732
1669,f1_esp,15.237467666333476,-12.543631451418749,0.08002722082171469,4.949375445554456,33.20675105485234
1670,f1_esp,15.237467666333476,-12.543631451418749,0.08002722082171469,4.949375445554456,33.20675105485234
1671,f1_esp,15.237467666333476,-12.543631451418749,0.08002722082171469,4.949375445554456,33.20675105485234
1672,f1_esp,15.237467666333476,-12.543631451418749,0.08002722082171469,4.949375445554456,33.20675105485234
1673,f1_esp,15.237467666333476,-12.543631451418749,0.08002722082171469,4.949375445554456,33.20675105485234
1674,f1_esp,15.237467666333476,-12.543631451418749,0.08002722082171469,4.949375445554456,33.20675105485234
1675,f1_esp,15.237467666333476,-12.543631451418749,0.08002722082171469,4.949375445554456,33.20675105485234
1676,f1_esp,15.237467666333476,-12.543631451418749,0.08002722082171469,4.949375445554456,33.20675105485234
1677,f1_esp,15.237467666333476,-12.543631451418749,0.08002722082171469,4.949375445554456,33.20675105485234
1678,f1_esp,15.237467666333476,-12.543631451418749,0.08002722082171469,4.949375445554456,33.20675105485234
1679,f1_esp,15.731155901271945,-12.501678851151285,0.08854512845170517,4.960193590526693,33.37552742616036
1680,f1_esp,15.731155901271945,-12.501678851151285,0.08854512845170517,4.960193590526693,33.37552742616036
1681,f1_esp,15.731155901271945,-12.501678851151285,0.08854512845170517,4.960193590526693,33.37552742616036
1682,f1_esp,15.731155901271945,-12.501678851151285,0.08854512845170517,4.960193590526693,33.37552742616036
1683,f1_esp,15.731155901271945,-12.501678851151285,0.08854512845170517,4.960193590526693,33.37552742616036
1684,f1_esp,15.731155901271945,-12.501678851151285,0.08854512845170517,4.960193590526693,33.37552742616036
1685,f1_esp,15.731155901271945,-12.501678851151285,0.08854512845170517,4.960193590526693,33.37552742616036
1686,f1_esp,15.731155901271945,-12.501678851151285,0.08854512845170517,4.960193590526693,33.37552742616036
1687,f1_esp,15.731155901271945,-12.501678851151285,0.08854512845170517,4.960193590526693,33.37552742616036
1688,f1_esp,15.731155901271945,-12.501678851151285,0.08854512845170517,4.960193590526693,33.37552742616036
1689,f1_esp,16.225898314028484,-12.461666022169934,0.06912173680896548,4.967130973676439,33.62869198312238
1690,f1_esp,16.225898314028484,-12.461666022169934,0.06912173680896548,4.967130973676439,33.62869198312238
1691,f1_esp,16.225898314028484,-12.461666022169934,0.06912173680896548,4.967130973676439,33.62869198312238
1692,f1_esp,16.225898314028484,-12.461666022169934,0.06912173680896548,4.967130973676439,33.62869198312238
1693,f1_esp,16.225898314028484,-12.461666022169934,0.06912173680896548,4.967130973676439,33.62869198312238
1694,f1_esp,16.225898314028484,-12.461666022169934,0.06912173680896548,4.967130973676439,33.62869198312238
1695,f1_esp,16.225898314028484,-12.461666022169934,0.06912173680896548,4.967130973676439,33.62869198312238
1696,f1_esp,16.225898314028484,-12.461666022169934,0.06912173680896548,4.967130973676439,33.62869198312238
1697,f1_esp,16.225898314028484,-12.461666022169934,0.06912173680896548,4.967130973676439,33.62869198312238
1698,f1_esp,16.225898314028484,-12.461666022169934,0.06912173680896548,4.967130973676439,33.62869198312238
1699,f1_esp,16.721640819668195,-12.429896609499734,0.0337457660420931,4.968420667946166,33.8396624472574
1700,f1_esp,16.721640819668195,-12.429896609499734,0.0337457660420931,4.968420667946166,33.8396624472574
1701,f1_esp,16.721640819668195,-12.429896609499734,0.0337457660420931,4.968420667946166,33.8396624472574
1702,f1_esp,16.721640819668195,-12.429896609499734,0.0337457660420931,4.968420667946166,33.8396624472574
1703,f1_esp,16.721640819668195,-12.429896609499734,0.0337457660420931,4.968420667946166,33.8396624472574
1704,f1_esp,16.721640819668195,-12.429896609499734,0.0337457660420931,4.968420667946166,33.8396624472574
1705,f1_esp,16.721640819668195,-12.429896609499734,0.0337457660420931,4.968420667946166,33.8396624472574
1706,f1_esp,16.721640819668195,-12.429896609499734,0.0337457660420931,4.968420667946166,33.8396624472574
1707,f1_esp,16.721640819668195,-12.429896609499734,0.0337457660420931,4.968420667946166,33.8396624472574
1708,f1_esp,16.721640819668195,-12.429896609499734,0.0337457660420931,4.968420667946166,33.8396624472574
1709,f1_esp,17.21786744904661,-12.416397137741642,6.2551456240116545,4.962101781727132,34.05063291139243
1710,f1_esp,17.21786744904661,-12.416397137741642,6.2551456240116545,4.962101781727132,34.05063291139243
1711,f1_esp,17.21786744904661,-12.416397137741642,6.2551456240116545,4.962101781727132,34.05063291139243
1712,f1_esp,17.21786744904661,-12.416397137741642,6.2551456240116545,4.962101781727132,34.05063291139243
1713,f1_esp,17.21786744904661,-12.416397137741642,6.2551456240116545,4.962101781727132,34.05063291139243
1714,f1_esp,17.21786744904661,-12.416397137741642,6.2551456240116545,4.962101781727132,34.05063291139243
1715,f1_esp,17.21786744904661,-12.416397137741642,6.2551456240116545,4.962101781727132,34.05063291139243
1716,f1_esp,17.21786744904661,-12.416397137741642,6.2551456240116545,4.962101781727132,34.05063291139243
1717,f1_esp,17.21786744904661,-12.416397137741642,6.2551456240116545,4.962101781727132,34.05063291139243
1718,f1_esp,17.21786744904661,-12.416397137741642,6.2551456240116545,4.962101781727132,34.05063291139243
1719,f1_esp,17.71452026121116,-12.429272120488276,6.178070116883085,4.976716908004055,34.26160337552744
1720,f1_esp,17.71452026121116,-12.429272120488276,6.178070116883085,4.976716908004055,34.26160337552744
1721,f1_esp,17.71452026121116,-12.429272120488276,6.178070116883085,4.976716908004055,34.26160337552744
1722,f1_esp,17.71452026121116,-12.429272120488276,6.178070116883085,4.976716908004055,34.26160337552744
1723,f1_esp,17.71452026121116,-12.429272120488276,6.178070116883085,4.976716908004055,34.26160337552744
1724,f1_esp,17.71452026121116,-12.429272120488276,6.178070116883085,4.976716908004055,34.26160337552744
1725,f1_esp,17.71452026121116,-12.429272120488276,6.178070116883085,4.976716908004055,34.26160337552744
1726,f1_esp,17.71452026121116,-12.429272120488276,6.178070116883085,4.976716908004055,34.26160337552744
1727,f1_esp,17.71452026121116,-12.429272120488276,6.178070116883085,4.976716908004055,34.26160337552744
1728,f1_esp,17.71452026121116,-12.429272120488276,6.178070116883085,4.976716908004055,34.26160337552744
1729,f1_esp,18.20764178024232,-12.4964944723842,5.984837798142059,4.985695834854596,34.472573839662466
1730,f1_esp,18.20764178024232,-12.4964944723842,5.984837798142059,4.985695834854596,34.472573839662466
1731,f1_esp,18.20764178024232,-12.4964944723842,5.984837798142059,4.985695834854596,34.472573839662466
1732,f1_esp,18.20764178024232,-12.4964944723842,5.984837798142059,4.985695834854596,34.472573839662466
1733,f1_esp,18.20764178024232,-12.4964944723842,5.984837798142059,4.985695834854596,34.472573839662466
1734,f1_esp,18.20764178024232,-12.4964944723842,5.984837798142059,4.985695834854596,34.472573839662466
1735,f1_esp,18.20764178024232,-12.4964944723842,5.984837798142059,4.985695834854596,34.472573839662466
1736,f1_esp,18.20764178024232,-12.4964944723842,5.984837798142059,4.985695834854596,34.472573839662466
1737,f1_esp,18.20764178024232,-12.4964944723842,5.984837798142059,4.985695834854596,34.472573839662466
1738,f1_esp,18.20764178024232,-12.4964944723842,5.984837798142059,4.985695834854596,34.472573839662466
1739,f1_esp,18.68727517394081,-12.632371476825726,5.875283579797807,4.9912118848991325,34.68354430379749
1740,f1_esp,18.68727517394081,-12.632371476825726,5.875283579797807,4.9912118848991325,34.68354430379749
1741,f1_esp,18.68727517394081,-12.632371476825726,5.875283579797807,4.9912118848991325,34.68354430379749
1742,f1_esp,18.68727517394081,-12.632371476825726,5.875283579797807,4.9912118848991325,34.68354430379749
1743,f1_esp,18.68727517394081,-12.632371476825726,5.875283579797807,4.9912118848991325,34.68354430379749
1744,f1_esp,18.68727517394081,-12.632371476825726,5.875283579797807,4.9912118848991325,34.68354430379749
1745,f1_esp,18.68727517394081,-12.632371476825726,5.875283579797807,4.9912118848991325,34.68354430379749
1746,f1_esp,18.68727517394081,-12.632371476825726,5.875283579797807,4.9912118848991325,34.68354430379749
1747,f1_esp,18.68727517394081,-12.632371476825726,5.875283579797807,4.9912118848991325,34.68354430379749
1748,f1_esp,18.68727517394081,-12.632371476825726,5.875283579797807,4.9912118848991325,34.68354430379749
1749,f1_esp,19.161935569149627,-12.787026768701821,6.044718003559567,4.99445893924754,34.85232067510551
1750,f1_esp,19.161935569149627,-12.787026768701821,6.044718003559567,4.99445893924754,34.85232067510551
1751,f1_esp,19.161935569149627,-12.787026768701821,6.044718003559567,4.99445893924754,34.85232067510551
1752,f1_esp,19.161935569149627,-12.787026768701821,6.044718003559567,4.99445893924754,34.85232067510551
1753,f1_esp,19.161935569149627,-12.787026768701821,6.044718003559567,4.99445893924754,34.85232067510551
1754,f1_esp,19.161935569149627,-12.787026768701821,6.044718003559567,4.99445893924754,34.85232067510551
1755,f1_esp,19.161935569149627,-12.787026768701821,6.044718003559567,4.99445893924754,34.85232067510551
1756,f1_esp,19.161935569149627,-12.787026768701821,6.044718003559567,4.99445893924754,34.85232067510551
1757,f1_esp,19.161935569149627,-12.787026768701821,6.044718003559567,4.99445893924754,34.85232067510551
1758,f1_esp,19.161935569149627,-12.787026768701821,6.044718003559567,4.99445893924754,34.85232067510551
1759,f1_esp,19.650803811640966,-12.886807101892042,6.270933203426122,4.996595112725144,35.063291139240526
1760,f1_esp,19.650803811640966,-12.886807101892042,6.270933203426122,4.996595112725144,35.063291139240526
1761,f1_esp,19.650803811640966,-12.886807101892042,6.270933203426122,4.996595112725144,35.063291139240526
1762,f1_esp,19.650803811640966,-12.886807101892042,6.270933203426122,4.996595112725144,35.063291139240526
1763,f1_esp,19.650803811640966,-12.886807101892042,6.270933203426122,4.996595112725144,35.063291139240526
1764,f1_esp,19.650803811640966,-12.886807101892042,6.270933203426122,4.996595112725144,35.063291139240526
1765,f1_esp,19.650803811640966,-12.886807101892042,6.270933203426122,4.996595112725144,35.063291139240526
1766,f1_esp,19.650803811640966,-12.886807101892042,6.270933203426122,4.996595112725144,35.063291139240526
1767,f1_esp,19.650803811640966,-12.886807101892042,6.270933203426122,4.996595112725144,35.063291139240526
1768,f1_esp,19.650803811640966,-12.886807101892042,6.270933203426122,4.996595112725144,35.063291139240526
1769,f1_esp,20.149695067560586,-12.911208637381547,0.06057475493548728,4.997908178609202,35.27426160337555
1770,f1_esp,20.149695067560586,-12.911208637381547,0.06057475493548728,4.997908178609202,35.27426160337555
1771,f1_esp,20.149695067560586,-12.911208637381547,0.06057475493548728,4.997908178609202,35.27426160337555
1772,f1_esp,20.149695067560586,-12.911208637381547,0.06057475493548728,4.997908178609202,35.27426160337555
1773,f1_esp,20.149695067560586,-12.911208637381547,0.06057475493548728,4.997908178609202,35.27426160337555
1774,f1_esp,20.149695067560586,-12.911208637381547,0.06057475493548728,4.997908178609202,35.27426160337555
1775,f1_esp,20.149695067560586,-12.911208637381547,0.06057475493548728,4.997908178609202,35.27426160337555
1776,f1_esp,20.149695067560586,-12.911208637381547,0.06057475493548728,4.997908178609202,35.27426160337555
1777,f1_esp,20.149695067560586,-12.911208637381547,0.06057475493548728,4.997908178609202,35.27426160337555
1778,f1_esp,20.149695067560586,-12.911208637381547,0.06057475493548728,4.997908178609202,35.27426160337555
1779,f1_esp,20.649267646082944,-12.925930010168967,6.173609787109765,4.998394055820266,35.485232067510566
1780,f1_esp,20.649267646082944,-12.925930010168967,6.173609787109765,4.998394055820266,35.485232067510566
1781,f1_esp,20.649267646082944,-12.925930010168967,6.173609787109765,4.998394055820266,35.485232067510566
1782,f1_esp,20.649267646082944,-12.925930010168967,6.173609787109765,4.998394055820266,35.485232067510566
1783,f1_esp,20.649267646082944,-12.925930010168967,6.173609787109765,4.998394055820266,35.485232067510566
1784,f1_esp,20.649267646082944,-12.925930010168967,6.173609787109765,4.998394055820266,35.485232067510566
1785,f1_esp,20.649267646082944,-12.925930010168967,6.173609787109765,4.998394055820266,35.485232067510566
1786,f1_esp,20.649267646082944,-12.925930010168967,6.173609787109765,4.998394055820266,35.485232067510566
1787,f1_esp,20.649267646082944,-12.925930010168967,6.173609787109765,4.998394055820266,35.485232067510566
1788,f1_esp,20.649267646082944,-12.925930010168967,6.173609787109765,4.998394055820266,35.485232067510566
1789,f1_esp,21.148395811003336,-12.953110375616054,6.23313735402561,4.9990131906771165,35.696202531645596
1790,f1_esp,21.148395811003336,-12.953110375616054,6.23313735402561,4.9990131906771165,35.696202531645596
1791,f1_esp,21.148395811003336,-12.953110375616054,6.23313735402561,4.9990131906771165,35.696202531645596
1792,f1_esp,21.148395811003336,-12.953110375616054,6.23313735402561,4.9990131906771165,35.696202531645596
1793,f1_esp,21.148395811003336,-12.953110375616054,6.23313735402561,4.9990131906771165,35.696202531645596
1794,f1_esp,21.148395811003336,-12.953110375616054,6.23313735402561,4.9990131906771165,35.696202531645596
1795,f1_esp,21.148395811003336,-12.953110375616054,6.23313735402561,4.9990131906771165,35.696202531645596
1796,f1_esp,21.148395811003336,-12.953110375616054,6.23313735402561,4.9990131906771165,35.696202531645596
1797,f1_esp,21.148395811003336,-12.953110375616054,6.23313735402561,4.9990131906771165,35.696202531645596
1798,f1_esp,21.148395811003336,-12.953110375616054,6.23313735402561,4.9990131906771165,35.696202531645596
1799,f1_esp,21.648126880535035,-12.961386613861002,0.08382178266099385,4.999393653374432,35.90717299578061
1800,f1_esp,21.648126880535035,-12.961386613861002,0.08382178266099385,4.999393653374432,35.90717299578061
1801,f1_esp,21.648126880535035,-12.961386613861002,0.08382178266099385,4.999393653374432,35.90717299578061
1802,f1_esp,21.648126880535035,-12.961386613861002,0.08382178266099385,4.999393653374432,35.90717299578061
1803,f1_esp,21.648126880535035,-12.961386613861002,0.08382178266099385,4.999393653374432,35.90717299578061
1804,f1_esp,21.648126880535035,-12.961386613861002,0.08382178266099385,4.999393653374432,35.90717299578061
1805,f1_esp,21.648126880535035,-12.961386613861002,0.08382178266099385,4.999393653374432,35.90717299578061
1806,f1_esp,21.648126880535035,-12.961386613861002,0.08382178266099385,4.999393653374432,35.90717299578061
1807,f1_esp,21.648126880535035,-12.961386613861002,0.08382178266099385,4.999393653374432,35.90717299578061
1808,f1_esp,21.648126880535035,-12.961386613861002,0.08382178266099385,4.999393653374432,35.90717299578061
1809,f1_esp,22.146637996651098,-12.92834791030191,0.17061929364133405,4.996544546917894,36.118143459915636
1810,f1_esp,22.146637996651098,-12.92834791030191,0.17061929364133405,4.996544546917894,36.118143459915636
1811,f1_esp,22.146637996651098,-12.92834791030191,0.17061929364133405,4.996544546917894,36.118143459915636
1812,f1_esp,22.146637996651098,-12.92834791030191,0.17061929364133405,4.996544546917894,36.118143459915636
1813,f1_esp,22.146637996651098,-12.92834791030191,0.17061929364133405,4.996544546917894,36.118143459915636
1814,f1_esp,22.146637996651098,-12.92834791030191,0.17061929364133405,4.996544546917894,36.118143459915636
1815,f1_esp,22.146637996651098,-12.92834791030191,0.17061929364133405,4.996544546917894,36.118143459915636
1816,f1_esp,22.146637996651098,-12.92834791030191,0.17061929364133405,4.996544546917894,36.118143459915636
1817,f1_esp,22.146637996651098,-12.92834791030191,0.17061929364133405,4.996544546917894,36.118143459915636
1818,f1_esp,22.146637996651098,-12.92834791030191,0.17061929364133405,4.996544546917894,36.118143459915636
1819,f1_esp,22.640705758798468,-12.854413419709005,0.2145884878872487,4.996665795506767,36.32911392405065
1820,f1_esp,22.640705758798468,-12.854413419709005,0.2145884878872487,4.996665795506767,36.32911392405065
1821,f1_esp,22.640705758798468,-12.854413419709005,0.2145884878872487,4.996665795506767,36.32911392405065
1822,f1_esp,22.640705758798468,-12.854413419709005,0.2145884878872487,4.996665795506767,36.32911392405065
1823,f1_esp,22.640705758798468,-12.854413419709005,0.2145884878872487,4.996665795506767,36.32911392405065
1824,f1_esp,22.640705758798468,-12.854413419709005,0.2145884878872487,4.996665795506767,36.32911392405065
1825,f1_esp,22.640705758798468,-12.854413419709005,0.2145884878872487,4.996665795506767,36.32911392405065
1826,f1_esp,22.640705758798468,-12.854413419709005,0.2145884878872487,4.996665795506767,36.32911392405065
1827,f1_esp,22.640705758798468,-12.854413419709005,0.2145884878872487,4.996665795506767,36.32911392405065
1828,f1_esp,22.640705758798468,-12.854413419709005,0.2145884878872487,4.996665795506767,36.32911392405065
1829,f1_esp,23.131023857152925,-12.758206535022305,0.21728301970079694,4.9969408616644015,36.540084388185676
1830,f1_esp,23.131023857152925,-12.758206535022305,0.21728301970079694,4.9969408616644015,36.540084388185676
1831,f1_esp,23.131023857152925,-12.758206535022305,0.21728301970079694,4.9969408616644015,36.540084388185676
1832,f1_esp,23.131023857152925,-12.758206535022305,0.21728301970079694,4.9969408616644015,36.540084388185676
1833,f1_esp,23.131023857152925,-12.758206535022305,0.21728301970079694,4.9969408616644015,36.540084388185676
1834,f1_esp,23.131023857152925,-12.758206535022305,0.21728301970079694,4.9969408616644015,36.540084388185676
1835,f1_esp,23.131023857152925,-12.758206535022305,0.21728301970079694,4.9969408616644015,36.540084388185676
1836,f1_esp,23.131023857152925,-12.758206535022305,0.21728301970079694,4.9969408616644015,36.540084388185676
1837,f1_esp,23.131023857152925,-12.758206535022305,0.21728301970079694,4.9969408616644015,36.540084388185676
1838,f1_esp,23.131023857152925,-12.758206535022305,0.21728301970079694,4.9969408616644015,36.540084388185676
1839,f1_esp,23.620704244353416,-12.658589913805095,0.1839768372246799,4.997345526611559,36.7510548523207
1840,f1_esp,23.620704244353416,-12.658589913805095,0.1839768372246799,4.997345526611559,36.7510548523207
1841,f1_esp,23.620704244353416,-12.658589913805095,0.1839768372246799,4.997345526611559,36.7510548523207
1842,f1_esp,23.620704244353416,-12.658589913805095,0.1839768372246799,4.997345526611559,36.7510548523207
1843,f1_esp,23.620704244353416,-12.658589913805095,0.1839768372246799,4.997345526611559,36.7510548523207
1844,f1_esp,23.620704244353416,-12.658589913805095,0.1839768372246799,4.997345526611559,36.7510548523207
1845,f1_esp,23.620704244353416,-12.658589913805095,0.1839768372246799,4.997345526611559,36.7510548523207
1846,f1_esp,23.620704244353416,-12.658589913805095,0.1839768372246799,4.997345526611559,36.7510548523207
1847,f1_esp,23.620704244353416,-12.658589913805095,0.1839768372246799,4.997345526611559,36.7510548523207
1848,f1_esp,23.620704244353416,-12.658589913805095,0.1839768372246799,4.997345526611559,36.7510548523207
1849,f1_esp,24.112332922742926,-12.56967770351764,0.1399128178415581,4.995538223792464,36.962025316455716
1850,f1_esp,24.112332922742926,-12.56967770351764,0.1399128178415581,4.995538223792464,36.962025316455716
1851,f1_esp,24.112332922742926,-12.56967770351764,0.1399128178415581,4.995538223792464,36.962025316455716
1852,f1_esp,24.112332922742926,-12.56967770351764,0.1399128178415581,4.995538223792464,36.962025316455716
1853,f1_esp,24.112332922742926,-12.56967770351764,0.1399128178415581,4.995538223792464,36.962025316455716
1854,f1_esp,24.112332922742926,-12.56967770351764,0.1399128178415581,4.995538223792464,36.962025316455716
1855,f1_esp,24.112332922742926,-12.56967770351764,0.1399128178415581,4.995538223792464,36.962025316455716
1856,f1_esp,24.112332922742926,-12.56967770351764,0.1399128178415581,4.995538223792464,36.962025316455716
1857,f1_esp,24.112332922742926,-12.56967770351764,0.1399128178415581,4.995538223792464,36.962025316455716
1858,f1_esp,24.112332922742926,-12.56967770351764,0.1399128178415581,4.995538223792464,36.962025316455716
1859,f1_esp,24.606010382058564,-12.492814362098997,0.1493684087150384,4.997041422123926,37.17299578059074
1860,f1_esp,24.606010382058564,-12.492814362098997,0.1493684087150384,4.997041422123926,37.17299578059074
1861,f1_esp,24.606010382058564,-12.492814362098997,0.1493684087150384,4.997041422123926,37.17299578059074
1862,f1_esp,24.606010382058564,-12.492814362098997,0.1493684087150384,4.997041422123926,37.17299578059074
1863,f1_esp,24.606010382058564,-12.492814362098997,0.1493684087150384,4.997041422123926,37.17299578059074
1864,f1_esp,24.606010382058564,-12.492814362098997,0.1493684087150384,4.997041422123926,37.17299578059074
1865,f1_esp,24.606010382058564,-12.492814362098997,0.1493684087150384,4.997041422123926,37.17299578059074
1866,f1_esp,24.606010382058564,-12.492814362098997,0.1493684087150384,4.997041422123926,37.17299578059074
1867,f1_esp,24.606010382058564,-12.492814362098997,0.1493684087150384,4.997041422123926,37.17299578059074
1868,f1_esp,24.606010382058564,-12.492814362098997,0.1493684087150384,4.997041422123926,37.17299578059074
1869,f1_esp,25.09639129004019,-12.397733195626953,0.30686223140666313,4.9978719463018475,37.46835443037977
1870,f1_esp,25.09639129004019,-12.397733195626953,0.30686223140666313,4.9978719463018475,37.46835443037977
1871,f1_esp,25.09639129004019,-12.397733195626953,0.30686223140666313,4.9978719463018475,37.46835443037977
1872,f1_esp,25.09639129004019,-12.397733195626953,0.30686223140666313,4.9978719463018475,37.46835443037977
1873,f1_esp,25.09639129004019,-12.397733195626953,0.30686223140666313,4.9978719463018475,37.46835443037977
1874,f1_esp,25.09639129004019,-12.397733195626953,0.30686223140666313,4.9978719463018475,37.46835443037977
1875,f1_esp,25.09639129004019,-12.397733195626953,0.30686223140666313,4.9978719463018475,37.46835443037977
1876,f1_esp,25.09639129004019,-12.397733195626953,0.30686223140666313,4.9978719463018475,37.46835443037977
1877,f1_esp,25.09639129004019,-12.397733195626953,0.30686223140666313,4.9978719463018475,37.46835443037977
1878,f1_esp,25.09639129004019,-12.397733195626953,0.30686223140666313,4.9978719463018475,37.46835443037977
1879,f1_esp,25.56479551580238,-12.226013345528685,0.596159563594854,4.993874601573964,37.7637130801688
1880,f1_esp,25.56479551580238,-12.226013345528685,0.596159563594854,4.993874601573964,37.7637130801688
1881,f1_esp,25.56479551580238,-12.226013345528685,0.596159563594854,4.993874601573964,37.7637130801688
1882,f1_esp,25.56479551580238,-12.226013345528685,0.596159563594854,4.993874601573964,37.7637130801688
1883,f1_esp,25.56479551580238,-12.226013345528685,0.596159563594854,4.993874601573964,37.7637130801688
1884,f1_esp,25.56479551580238,-12.226013345528685,0.596159563594854,4.993874601573964,37.7637130801688
1885,f1_esp,25.56479551580238,-12.226013345528685,0.596159563594854,4.993874601573964,37.7637130801688
1886,f1_esp,25.56479551580238,-12.226013345528685,0.596159563594854,4.993874601573964,37.7637130801688
1887,f1_esp,25.56479551580238,-12.226013345528685,0.596159563594854,4.993874601573964,37.7637130801688
1888,f1_esp,25.56479551580238,-12.226013345528685,0.596159563594854,4.993874601573964,37.7637130801688
1889,f1_esp,25.952526845578983,-11.986697402387795,0.9398864221372258,4.04287460157396,37.97468354430382
1890,f1_esp,25.952526845578983,-11.986697402387795,0.9398864221372258,4.04287460157396,37.97468354430382
1891,f1_esp,25.952526845578983,-11.986697402387795,0.9398864221372258,4.04287460157396,37.97468354430382
1892,f1_esp,25.952526845578983,-11.986697402387795,0.9398864221372258,4.04287460157396,37.97468354430382
1893,f1_esp,25.952526845578983,-11.986697402387795,0.9398864221372258,4.04287460157396,37.97468354430382
1894,f1_esp,25.952526845578983,-11.986697402387795,0.9398864221372258,4.04287460157396,37.97468354430382
1895,f1_esp,25.952526845578983,-11.986697402387795,0.9398864221372258,4.04287460157396,37.97468354430382
1896,f1_esp,25.952526845578983,-11.986697402387795,0.9398864221372258,4.04287460157396,37.97468354430382
1897,f1_esp,25.952526845578983,-11.986697402387795,0.9398864221372258,4.04287460157396,37.97468354430382
1898,f1_esp,25.952526845578983,-11.986697402387795,0.9398864221372258,4.04287460157396,37.97468354430382
1899,f1_esp,26.191758554958664,-11.716891374647837,1.2573880086405154,3.2033431924500166,38.143459915611835
1900,f1_esp,26.191758554958664,-11.716891374647837,1.2573880086405154,3.2033431924500166,38.143459915611835
1901,f1_esp,26.191758554958664,-11.716891374647837,1.2573880086405154,3.2033431924500166,38.143459915611835
1902,f1_esp,26.191758554958664,-11.716891374647837,1.2573880086405154,3.2033431924500166,38.143459915611835
1903,f1_esp,26.191758554958664,-11.716891374647837,1.2573880086405154,3.2033431924500166,38.143459915611835
1904,f1_esp,26.191758554958664,-11.716891374647837,1.2573880086405154,3.2033431924500166,38.143459915611835
1905,f1_esp,26.191758554958664,-11.716891374647837,1.2573880086405154,3.2033431924500166,38.143459915611835
1906,f1_esp,26.191758554958664,-11.716891374647837,1.2573880086405154,3.2033431924500166,38.143459915611835
1907,f1_esp,26.191758554958664,-11.716891374647837,1.2573880086405154,3.2033431924500166,38.143459915611835
1908,f1_esp,26.191758554958664,-11.716891374647837,1.2573880086405154,3.2033431924500166,38.143459915611835
1909,f1_esp,26.30699310388044,-11.430630460647892,1.3537236668203891,3.0263539698499904,38.27004219409285
1910,f1_esp,26.30699310388044,-11.430630460647892,1.3537236668203891,3.0263539698499904,38.27004219409285
1911,f1_esp,26.30699310388044,-11.430630460647892,1.3537236668203891,3.0263539698499904,38.27004219409285
1912,f1_esp,26.30699310388044,-11.430630460647892,1.3537236668203891,3.0263539698499904,38.27004219409285
1913,f1_esp,26.30699310388044,-11.430630460647892,1.3537236668203891,3.0263539698499904,38.27004219409285
1914,f1_esp,26.30699310388044,-11.430630460647892,1.3537236668203891,3.0263539698499904,38.27004219409285
1915,f1_esp,26.30699310388044,-11.430630460647892,1.3537236668203891,3.0263539698499904,38.27004219409285
1916,f1_esp,26.30699310388044,-11.430630460647892,1.3537236668203891,3.0263539698499904,38.27004219409285
1917,f1_esp,26.30699310388044,-11.430630460647892,1.3537236668203891,3.0263539698499904,38.27004219409285
1918,f1_esp,26.30699310388044,-11.430630460647892,1.3537236668203891,3.0263539698499904,38.27004219409285
1919,f1_esp,26.366211301107388,-11.135601798530432,1.4527134509718902,3.0031961774709544,38.39662447257386
1920,f1_esp,26.366211301107388,-11.135601798530432,1.4527134509718902,3.0031961774709544,38.39662447257386
1921,f1_esp,26.366211301107388,-11.135601798530432,1.4527134509718902,3.0031961774709544,38.39662447257386
1922,f1_esp,26.366211301107388,-11.135601798530432,1.4527134509718902,3.0031961774709544,38.39662447257386
1923,f1_esp,26.366211301107388,-11.135601798530432,1.4527134509718902,3.0031961774709544,38.39662447257386
1924,f1_esp,26.366211301107388,-11.135601798530432,1.4527134509718902,3.0031961774709544,38.39662447257386
1925,f1_esp,26.366211301107388,-11.135601798530432,1.4527134509718902,3.0031961774709544,38.39662447257386
1926,f1_esp,26.366211301107388,-11.135601798530432,1.4527134509718902,3.0031961774709544,38.39662447257386
1927,f1_esp,26.366211301107388,-11.135601798530432,1.4527134509718902,3.0031961774709544,38.39662447257386
1928,f1_esp,26.366211301107388,-11.135601798530432,1.4527134509718902,3.0031961774709544,38.39662447257386
1929,f1_esp,26.364941317340886,-10.836334580626099,1.7209448332496318,3.0003876221715755,38.52320675105487
1930,f1_esp,26.364941317340886,-10.836334580626099,1.7209448332496318,3.0003876221715755,38.52320675105487
1931,f1_esp,26.364941317340886,-10.836334580626099,1.7209448332496318,3.0003876221715755,38.52320675105487
1932,f1_esp,26.364941317340886,-10.836334580626099,1.7209448332496318,3.0003876221715755,38.52320675105487
1933,f1_esp,26.364941317340886,-10.836334580626099,1.7209448332496318,3.0003876221715755,38.52320675105487
1934,f1_esp,26.364941317340886,-10.836334580626099,1.7209448332496318,3.0003876221715755,38.52320675105487
1935,f1_esp,26.364941317340886,-10.836334580626099,1.7209448332496318,3.0003876221715755,38.52320675105487
1936,f1_esp,26.364941317340886,-10.836334580626099,1.7209448332496318,3.0003876221715755,38.52320675105487
1937,f1_esp,26.364941317340886,-10.836334580626099,1.7209448332496318,3.0003876221715755,38.52320675105487
1938,f1_esp,26.364941317340886,-10.836334580626099,1.7209448332496318,3.0003876221715755,38.52320675105487
1939,f1_esp,26.279128295866816,-10.54979409769542,2.0187621493503443,3.0001817206076016,38.64978902953589
1940,f1_esp,26.279128295866816,-10.54979409769542,2.0187621493503443,3.0001817206076016,38.64978902953589
1941,f1_esp,26.279128295866816,-10.54979409769542,2.0187621493503443,3.0001817206076016,38.64978902953589
1942,f1_esp,26.279128295866816,-10.54979409769542,2.0187621493503443,3.0001817206076016,38.64978902953589
1943,f1_esp,26.279128295866816,-10.54979409769542,2.0187621493503443,3.0001817206076016,38.64978902953589
1944,f1_esp,26.279128295866816,-10.54979409769542,2.0187621493503443,3.0001817206076016,38.64978902953589
1945,f1_esp,26.279128295866816,-10.54979409769542,2.0187621493503443,3.0001817206076016,38.64978902953589
1946,f1_esp,26.279128295866816,-10.54979409769542,2.0187621493503443,3.0001817206076016,38.64978902953589
1947,f1_esp,26.279128295866816,-10.54979409769542,2.0187621493503443,3.0001817206076016,38.64978902953589
1948,f1_esp,26.279128295866816,-10.54979409769542,2.0187621493503443,3.0001817206076016,38.64978902953589
1949,f1_esp,26.104227628793165,-10.261417328764072,2.2056053368797235,3.771227607389656,38.7763713080169
1950,f1_esp,26.104227628793165,-10.261417328764072,2.2056053368797235,3.771227607389656,38.7763713080169
1951,f1_esp,26.104227628793165,-10.261417328764072,2.2056053368797235,3.771227607389656,38.7763713080169
1952,f1_esp,26.104227628793165,-10.261417328764072,2.2056053368797235,3.771227607389656,38.7763713080169
1953,f1_esp,26.104227628793165,-10.261417328764072,2.2056053368797235,3.771227607389656,38.7763713080169
1954,f1_esp,26.104227628793165,-10.261417328764072,2.2056053368797235,3.771227607389656,38.7763713080169
1955,f1_esp,26.104227628793165,-10.261417328764072,2.2056053368797235,3.771227607389656,38.7763713080169
1956,f1_esp,26.104227628793165,-10.261417328764072,2.2056053368797235,3.771227607389656,38.7763713080169
1957,f1_esp,26.104227628793165,-10.261417328764072,2.2056053368797235,3.771227607389656,38.7763713080169
1958,f1_esp,26.104227628793165,-10.261417328764072,2.2056053368797235,3.771227607389656,38.7763713080169
1959,f1_esp,25.840459821394607,-9.961166730844829,2.4092860007432018,4.239854209494999,38.94514767932492
1960,f1_esp,25.840459821394607,-9.961166730844829,2.4092860007432018,4.239854209494999,38.94514767932492
1961,f1_esp,25.840459821394607,-9.961166730844829,2.4092860007432018,4.239854209494999,38.94514767932492
1962,f1_esp,25.840459821394607,-9.961166730844829,2.4092860007432018,4.239854209494999,38.94514767932492
1963,f1_esp,25.840459821394607,-9.961166730844829,2.4092860007432018,4.239854209494999,38.94514767932492
1964,f1_esp,25.840459821394607,-9.961166730844829,2.4092860007432018,4.239854209494999,38.94514767932492
1965,f1_esp,25.840459821394607,-9.961166730844829,2.4092860007432018,4.239854209494999,38.94514767932492
1966,f1_esp,25.840459821394607,-9.961166730844829,2.4092860007432018,4.239854209494999,38.94514767932492
1967,f1_esp,25.840459821394607,-9.961166730844829,2.4092860007432018,4.239854209494999,38.94514767932492
1968,f1_esp,25.840459821394607,-9.961166730844829,2.4092860007432018,4.239854209494999,38.94514767932492
1969,f1_esp,25.502987412003954,-9.682244607869304,2.6050583467753716,4.532966285362617,39.15611814345994
1970,f1_esp,25.502987412003954,-9.682244607869304,2.6050583467753716,4.532966285362617,39.15611814345994
1971,f1_esp,25.502987412003954,-9.682244607869304,2.6050583467753716,4.532966285362617,39.15611814345994
1972,f1_esp,25.502987412003954,-9.682244607869304,2.6050583467753716,4.532966285362617,39.15611814345994
1973,f1_esp,25.502987412003954,-9.682244607869304,2.6050583467753716,4.532966285362617,39.15611814345994
1974,f1_esp,25.502987412003954,-9.682244607869304,2.6050583467753716,4.532966285362617,39.15611814345994
1975,f1_esp,25.502987412003954,-9.682244607869304,2.6050583467753716,4.532966285362617,39.15611814345994
1976,f1_esp,25.502987412003954,-9.682244607869304,2.6050583467753716,4.532966285362617,39.15611814345994
1977,f1_esp,25.502987412003954,-9.682244607869304,2.6050583467753716,4.532966285362617,39.15611814345994
1978,f1_esp,25.502987412003954,-9.682244607869304,2.6050583467753716,4.532966285362617,39.15611814345994
1979,f1_esp,25.103961323032685,-9.449998815703575,2.738337044659355,4.712975562986156,39.324894514767955
1980,f1_esp,25.103961323032685,-9.449998815703575,2.738337044659355,4.712975562986156,39.324894514767955
1981,f1_esp,25.103961323032685,-9.449998815703575,2.738337044659355,4.712975562986156,39.324894514767955
1982,f1_esp,25.103961323032685,-9.449998815703575,2.738337044659355,4.712975562986156,39.324894514767955
1983,f1_esp,25.103961323032685,-9.449998815703575,2.738337044659355,4.712975562986156,39.324894514767955
1984,f1_esp,25.103961323032685,-9.449998815703575,2.738337044659355,4.712975562986156,39.324894514767955
1985,f1_esp,25.103961323032685,-9.449998815703575,2.738337044659355,4.712975562986156,39.324894514767955
1986,f1_esp,25.103961323032685,-9.449998815703575,2.738337044659355,4.712975562986156,39.324894514767955
1987,f1_esp,25.103961323032685,-9.449998815703575,2.738337044659355,4.712975562986156,39.324894514767955
1988,f1_esp,25.103961323032685,-9.449998815703575,2.738337044659355,4.712975562986156,39.324894514767955
1989,f1_esp,24.66844203884204,-9.256447072654945,2.808136598407768,4.8236093947229195,39.53586497890298
1990,f1_esp,24.66844203884204,-9.256447072654945,2.808136598407768,4.8236093947229195,39.53586497890298
1991,f1_esp,24.66844203884204,-9.256447072654945,2.808136598407768,4.8236093947229195,39.53586497890298
1992,f1_esp,24.66844203884204,-9.256447072654945,2.808136598407768,4.8236093947229195,39.53586497890298
1993,f1_esp,24.66844203884204,-9.256447072654945,2.808136598407768,4.8236093947229195,39.53586497890298
1994,f1_esp,24.66844203884204,-9.256447072654945,2.808136598407768,4.8236093947229195,39.53586497890298
1995,f1_esp,24.66844203884204,-9.256447072654945,2.808136598407768,4.8236093947229195,39.53586497890298
1996,f1_esp,24.66844203884204,-9.256447072654945,2.808136598407768,4.8236093947229195,39.53586497890298
1997,f1_esp,24.66844203884204,-9.256447072654945,2.808136598407768,4.8236093947229195,39.53586497890298
1998,f1_esp,24.66844203884204,-9.256447072654945,2.808136598407768,4.8236093947229195,39.53586497890298
1999,f1_esp,24.212188312221954,-9.090125112259642,2.837181088227299,4.891128460516468,39.746835443037995
2000,f1_esp,24.212188312221954,-9.090125112259642,2.837181088227299,4.891128460516468,39.746835443037995
2001,f1_esp,24.212188312221954,-9.090125112259642,2.837181088227299,4.891128460516468,39.746835443037995
2002,f1_esp,24.212188312221954,-9.090125112259642,2.837181088227299,4.891128460516468,39.746835443037995
2003,f1_esp,24.212188312221954,-9.090125112259642,2.837181088227299,4.891128460516468,39.746835443037995
2004,f1_esp,24.212188312221954,-9.090125112259642,2.837181088227299,4.891128460516468,39.746835443037995
2005,f1_esp,24.212188312221954,-9.090125112259642,2.837181088227299,4.891128460516468,39.746835443037995
2006,f1_esp,24.212188312221954,-9.090125112259642,2.837181088227299,4.891128460516468,39.746835443037995
2007,f1_esp,24.212188312221954,-9.090125112259642,2.837181088227299,4.891128460516468,39.746835443037995
2008,f1_esp,24.212188312221954,-9.090125112259642,2.837181088227299,4.891128460516468,39.746835443037995
2009,f1_esp,23.747536241673586,-8.931129360817536,2.795882460666291,4.93182998438067,39.91561181434602
2010,f1_esp,23.747536241673586,-8.931129360817536,2.795882460666291,4.93182998438067,39.91561181434602
2011,f1_esp,23.747536241673586,-8.931129360817536,2.795882460666291,4.93182998438067,39.91561181434602
2012,f1_esp,23.747536241673586,-8.931129360817536,2.795882460666291,4.93182998438067,39.91561181434602
2013,f1_esp,23.747536241673586,-8.931129360817536,2.795882460666291,4.93182998438067,39.91561181434602
2014,f1_esp,23.747536241673586,-8.931129360817536,2.795882460666291,4.93182998438067,39.91561181434602
2015,f1_esp,23.747536241673586,-8.931129360817536,2.795882460666291,4.93182998438067,39.91561181434602
2016,f1_esp,23.747536241673586,-8.931129360817536,2.795882460666291,4.93182998438067,39.91561181434602
2017,f1_esp,23.747536241673586,-8.931129360817536,2.795882460666291,4.93182998438067,39.91561181434602
2018,f1_esp,23.747536241673586,-8.931129360817536,2.795882460666291,4.93182998438067,39.91561181434602
2019,f1_esp,23.287085307858774,-8.75166105852231,2.687347792916968,4.954553212375534,40.12658227848104
2020,f1_esp,23.287085307858774,-8.75166105852231,2.687347792916968,4.954553212375534,40.12658227848104
2021,f1_esp,23.287085307858774,-8.75166105852231,2.687347792916968,4.954553212375534,40.12658227848104
2022,f1_esp,23.287085307858774,-8.75166105852231,2.687347792916968,4.954553212375534,40.12658227848104
2023,f1_esp,23.287085307858774,-8.75166105852231,2.687347792916968,4.954553212375534,40.12658227848104
2024,f1_esp,23.287085307858774,-8.75166105852231,2.687347792916968,4.954553212375534,40.12658227848104
2025,f1_esp,23.287085307858774,-8.75166105852231,2.687347792916968,4.954553212375534,40.12658227848104
2026,f1_esp,23.287085307858774,-8.75166105852231,2.687347792916968,4.954553212375534,40.12658227848104
2027,f1_esp,23.287085307858774,-8.75166105852231,2.687347792916968,4.954553212375534,40.12658227848104
2028,f1_esp,23.287085307858774,-8.75166105852231,2.687347792916968,4.954553212375534,40.12658227848104
2029,f1_esp,22.841642632488156,-8.533106552730366,2.5817216493903095,4.971988033901415,40.33755274261606
2030,f1_esp,22.841642632488156,-8.533106552730366,2.5817216493903095,4.971988033901415,40.33755274261606
2031,f1_esp,22.841642632488156,-8.533106552730366,2.5817216493903095,4.971988033901415,40.33755274261606
2032,f1_esp,22.841642632488156,-8.533106552730366,2.5817216493903095,4.971988033901415,40.33755274261606
2033,f1_esp,22.841642632488156,-8.533106552730366,2.5817216493903095,4.971988033901415,40.33755274261606
2034,f1_esp,22.841642632488156,-8.533106552730366,2.5817216493903095,4.971988033901415,40.33755274261606
2035,f1_esp,22.841642632488156,-8.533106552730366,2.5817216493903095,4.971988033901415,40.33755274261606
2036,f1_esp,22.841642632488156,-8.533106552730366,2.5817216493903095,4.971988033901415,40.33755274261606
2037,f1_esp,22.841642632488156,-8.533106552730366,2.5817216493903095,4.971988033901415,40.33755274261606
2038,f1_esp,22.841642632488156,-8.533106552730366,2.5817216493903095,4.971988033901415,40.33755274261606
2039,f1_esp,22.404970251993717,-8.294265497931816,2.640560888787011,4.9827571662539025,40.54852320675108
2040,f1_esp,22.404970251993717,-8.294265497931816,2.640560888787011,4.9827571662539025,40.54852320675108
2041,f1_esp,22.404970251993717,-8.294265497931816,2.640560888787011,4.9827571662539025,40.54852320675108
2042,f1_esp,22.404970251993717,-8.294265497931816,2.640560888787011,4.9827571662539025,40.54852320675108
2043,f1_esp,22.404970251993717,-8.294265497931816,2.640560888787011,4.9827571662539025,40.54852320675108
2044,f1_esp,22.404970251993717,-8.294265497931816,2.640560888787011,4.9827571662539025,40.54852320675108
2045,f1_esp,22.404970251993717,-8.294265497931816,2.640560888787011,4.9827571662539025,40.54852320675108
2046,f1_esp,22.404970251993717,-8.294265497931816,2.640560888787011,4.9827571662539025,40.54852320675108
2047,f1_esp,22.404970251993717,-8.294265497931816,2.640560888787011,4.9827571662539025,40.54852320675108
2048,f1_esp,22.404970251993717,-8.294265497931816,2.640560888787011,4.9827571662539025,40.54852320675108
2049,f1_esp,21.962500982202457,-8.064496898470335,2.72004899528175,4.989361597199364,40.801687763713105
2050,f1_esp,21.962500982202457,-8.064496898470335,2.72004899528175,4.989361597199364,40.801687763713105
2051,f1_esp,21.962500982202457,-8.064496898470335,2.72004899528175,4.989361597199364,40.801687763713105
2052,f1_esp,21.962500982202457,-8.064496898470335,2.72004899528175,4.989361597199364,40.801687763713105
2053,f1_esp,21.962500982202457,-8.064496898470335,2.72004899528175,4.989361597199364,40.801687763713105
2054,f1_esp,21.962500982202457,-8.064496898470335,2.72004899528175,4.989361597199364,40.801687763713105
2055,f1_esp,21.962500982202457,-8.064496898470335,2.72004899528175,4.989361597199364,40.801687763713105
2056,f1_esp,21.962500982202457,-8.064496898470335,2.72004899528175,4.989361597199364,40.801687763713105
2057,f1_esp,21.962500982202457,-8.064496898470335,2.72004899528175,4.989361597199364,40.801687763713105
2058,f1_esp,21.962500982202457,-8.064496898470335,2.72004899528175,4.989361597199364,40.801687763713105
2059,f1_esp,21.514267109660402,-7.845734030076616,2.6748241557338943,4.986764889216434,41.01265822784813
2060,f1_esp,21.514267109660402,-7.845734030076616,2.6748241557338943,4.986764889216434,41.01265822784813
2061,f1_esp,21.514267109660402,-7.845734030076616,2.6748241557338943,4.986764889216434,41.01265822784813
2062,f1_esp,21.514267109660402,-7.845734030076616,2.6748241557338943,4.986764889216434,41.01265822784813
2063,f1_esp,21.514267109660402,-7.845734030076616,2.6748241557338943,4.986764889216434,41.01265822784813
2064,f1_esp,21.514267109660402,-7.845734030076616,2.6748241557338943,4.986764889216434,41.01265822784813
2065,f1_esp,21.514267109660402,-7.845734030076616,2.6748241557338943,4.986764889216434,41.01265822784813
2066,f1_esp,21.514267109660402,-7.845734030076616,2.6748241557338943,4.986764889216434,41.01265822784813
2067,f1_esp,21.514267109660402,-7.845734030076616,2.6748241557338943,4.986764889216434,41.01265822784813
2068,f1_esp,21.514267109660402,-7.845734030076616,2.6748241557338943,4.986764889216434,41.01265822784813
2069,f1_esp,21.080255222806542,-7.600943781517706,2.501051974830037,4.984118189965429,41.22362869198315
2070,f1_esp,21.080255222806542,-7.600943781517706,2.501051974830037,4.984118189965429,41.22362869198315
2071,f1_esp,21.080255222806542,-7.600943781517706,2.501051974830037,4.984118189965429,41.22362869198315
2072,f1_esp,21.080255222806542,-7.600943781517706,2.501051974830037,4.984118189965429,41.22362869198315
2073,f1_esp,21.080255222806542,-7.600943781517706,2.501051974830037,4.984118189965429,41.22362869198315
2074,f1_esp,21.080255222806542,-7.600943781517706,2.501051974830037,4.984118189965429,41.22362869198315
2075,f1_esp,21.080255222806542,-7.600943781517706,2.501051974830037,4.984118189965429,41.22362869198315
2076,f1_esp,21.080255222806542,-7.600943781517706,2.501051974830037,4.984118189965429,41.22362869198315
2077,f1_esp,21.080255222806542,-7.600943781517706,2.501051974830037,4.984118189965429,41.22362869198315
2078,f1_esp,21.080255222806542,-7.600943781517706,2.501051974830037,4.984118189965429,41.22362869198315
2079,f1_esp,20.6768812642029,-7.308113111459583,2.38464106961337,4.99023087652872,41.392405063291164
2080,f1_esp,20.6768812642029,-7.308113111459583,2.38464106961337,4.99023087652872,41.392405063291164
2081,f1_esp,20.6768812642029,-7.308113111459583,2.38464106961337,4.99023087652872,41.392405063291164
2082,f1_esp,20.6768812642029,-7.308113111459583,2.38464106961337,4.99023087652872,41.392405063291164
2083,f1_esp,20.6768812642029,-7.308113111459583,2.38464106961337,4.99023087652872,41.392405063291164
2084,f1_esp,20.6768812642029,-7.308113111459583,2.38464106961337,4.99023087652872,41.392405063291164
2085,f1_esp,20.6768812642029,-7.308113111459583,2.38464106961337,4.99023087652872,41.392405063291164
2086,f1_esp,20.6768812642029,-7.308113111459583,2.38464106961337,4.99023087652872,41.392405063291164
2087,f1_esp,20.6768812642029,-7.308113111459583,2.38464106961337,4.99023087652872,41.392405063291164
2088,f1_esp,20.6768812642029,-7.308113111459583,2.38464106961337,4.99023087652872,41.392405063291164
2089,f1_esp,20.287536872512078,-6.995767029604544,2.501700659281344,4.992983905778244,41.60337552742619
2090,f1_esp,20.287536872512078,-6.995767029604544,2.501700659281344,4.992983905778244,41.60337552742619
2091,f1_esp,20.287536872512078,-6.995767029604544,2.501700659281344,4.992983905778244,41.60337552742619
2092,f1_esp,20.287536872512078,-6.995767029604544,2.501700659281344,4.992983905778244,41.60337552742619
2093,f1_esp,20.287536872512078,-6.995767029604544,2.501700659281344,4.992983905778244,41.60337552742619
2094,f1_esp,20.287536872512078,-6.995767029604544,2.501700659281344,4.992983905778244,41.60337552742619
2095,f1_esp,20.287536872512078,-6.995767029604544,2.501700659281344,4.992983905778244,41.60337552742619
2096,f1_esp,20.287536872512078,-6.995767029604544,2.501700659281344,4.992983905778244,41.60337552742619
2097,f1_esp,20.287536872512078,-6.995767029604544,2.501700659281344,4.992983905778244,41.60337552742619
2098,f1_esp,20.287536872512078,-6.995767029604544,2.501700659281344,4.992983905778244,41.60337552742619
2099,f1_esp,19.879654376863357,-6.708086475220365,2.6357397328711913,4.9930284418515765,41.81434599156121
2100,f1_esp,19.879654376863357,-6.708086475220365,2.6357397328711913,4.9930284418515765,41.81434599156121
2101,f1_esp,19.879654376863357,-6.708086475220365,2.6357397328711913,4.9930284418515765,41.81434599156121
2102,f1_esp,19.879654376863357,-6.708086475220365,2.6357397328711913,4.9930284418515765,41.81434599156121
2103,f1_esp,19.879654376863357,-6.708086475220365,2.6357397328711913,4.9930284418515765,41.81434599156121
2104,f1_esp,19.879654376863357,-6.708086475220365,2.6357397328711913,4.9930284418515765,41.81434599156121
2105,f1_esp,19.879654376863357,-6.708086475220365,2.6357397328711913,4.9930284418515765,41.81434599156121
2106,f1_esp,19.879654376863357,-6.708086475220365,2.6357397328711913,4.9930284418515765,41.81434599156121
2107,f1_esp,19.879654376863357,-6.708086475220365,2.6357397328711913,4.9930284418515765,41.81434599156121
2108,f1_esp,19.879654376863357,-6.708086475220365,2.6357397328711913,4.9930284418515765,41.81434599156121
2109,f1_esp,19.446039787722874,-6.460572826408634,2.7229825882960186,4.995697081179636,42.025316455696235
2110,f1_esp,19.446039787722874,-6.460572826408634,2.7229825882960186,4.995697081179636,42.025316455696235
2111,f1_esp,19.446039787722874,-6.460572826408634,2.7229825882960186,4.995697081179636,42.025316455696235
2112,f1_esp,19.446039787722874,-6.460572826408634,2.7229825882960186,4.995697081179636,42.025316455696235
2113,f1_esp,19.446039787722874,-6.460572826408634,2.7229825882960186,4.995697081179636,42.025316455696235
2114,f1_esp,19.446039787722874,-6.460572826408634,2.7229825882960186,4.995697081179636,42.025316455696235
2115,f1_esp,19.446039787722874,-6.460572826408634,2.7229825882960186,4.995697081179636,42.025316455696235
2116,f1_esp,19.446039787722874,-6.460572826408634,2.7229825882960186,4.995697081179636,42.025316455696235
2117,f1_esp,19.446039787722874,-6.460572826408634,2.7229825882960186,4.995697081179636,42.025316455696235
2118,f1_esp,19.446039787722874,-6.460572826408634,2.7229825882960186,4.995697081179636,42.025316455696235
2119,f1_esp,18.994112113466635,-6.247731874581977,2.7794942173166386,4.997334260808032,42.23628691983125
2120,f1_esp,18.994112113466635,-6.247731874581977,2.7794942173166386,4.997334260808032,42.23628691983125
2121,f1_esp,18.994112113466635,-6.247731874581977,2.7794942173166386,4.997334260808032,42.23628691983125
2122,f1_esp,18.994112113466635,-6.247731874581977,2.7794942173166386,4.997334260808032,42.23628691983125
2123,f1_esp,18.994112113466635,-6.247731874581977,2.7794942173166386,4.997334260808032,42.23628691983125
2124,f1_esp,18.994112113466635,-6.247731874581977,2.7794942173166386,4.997334260808032,42.23628691983125
2125,f1_esp,18.994112113466635,-6.247731874581977,2.7794942173166386,4.997334260808032,42.23628691983125
2126,f1_esp,18.994112113466635,-6.247731874581977,2.7794942173166386,4.997334260808032,42.23628691983125
2127,f1_esp,18.994112113466635,-6.247731874581977,2.7794942173166386,4.997334260808032,42.23628691983125
2128,f1_esp,18.994112113466635,-6.247731874581977,2.7794942173166386,4.997334260808032,42.23628691983125
2129,f1_esp,18.528894950915532,-6.065270066322657,2.821903599030912,4.998333984708911,42.48945147679327
2130,f1_esp,18.528894950915532,-6.065270066322657,2.821903599030912,4.998333984708911,42.48945147679327
2131,f1_esp,18.528894950915532,-6.065270066322657,2.821903599030912,4.998333984708911,42.48945147679327
2132,f1_esp,18.528894950915532,-6.065270066322657,2.821903599030912,4.998333984708911,42.48945147679327
2133,f1_esp,18.528894950915532,-6.065270066322657,2.821903599030912,4.998333984708911,42.48945147679327
2134,f1_esp,18.528894950915532,-6.065270066322657,2.821903599030912,4.998333984708911,42.48945147679327
2135,f1_esp,18.528894950915532,-6.065270066322657,2.821903599030912,4.998333984708911,42.48945147679327
2136,f1_esp,18.528894950915532,-6.065270066322657,2.821903599030912,4.998333984708911,42.48945147679327
2137,f1_esp,18.528894950915532,-6.065270066322657,2.821903599030912,4.998333984708911,42.48945147679327
2138,f1_esp,18.528894950915532,-6.065270066322657,2.821903599030912,4.998333984708911,42.48945147679327
2139,f1_esp,18.05809200330913,-5.897400636881454,2.7936938022448317,4.998483534052326,42.700421940928294
2140,f1_esp,18.05809200330913,-5.897400636881454,2.7936938022448317,4.998483534052326,42.700421940928294
2141,f1_esp,18.05809200330913,-5.897400636881454,2.7936938022448317,4.998483534052326,42.700421940928294
2142,f1_esp,18.05809200330913,-5.897400636881454,2.7936938022448317,4.998483534052326,42.700421940928294
2143,f1_esp,18.05809200330913,-5.897400636881454,2.7936938022448317,4.998483534052326,42.700421940928294
2144,f1_esp,18.05809200330913,-5.897400636881454,2.7936938022448317,4.998483534052326,42.700421940928294
2145,f1_esp,18.05809200330913,-5.897400636881454,2.7936938022448317,4.998483534052326,42.700421940928294
2146,f1_esp,18.05809200330913,-5.897400636881454,2.7936938022448317,4.998483534052326,42.700421940928294
2147,f1_esp,18.05809200330913,-5.897400636881454,2.7936938022448317,4.998483534052326,42.700421940928294
2148,f1_esp,18.05809200330913,-5.897400636881454,2.7936938022448317,4.998483534052326,42.700421940928294
2149,f1_esp,17.595830162804933,-5.70740570579038,2.672914066576682,4.999062990532555,42.91139240506332
2150,f1_esp,17.595830162804933,-5.70740570579038,2.672914066576682,4.999062990532555,42.91139240506332
2151,f1_esp,17.595830162804933,-5.70740570579038,2.672914066576682,4.999062990532555,42.91139240506332
2152,f1_esp,17.595830162804933,-5.70740570579038,2.672914066576682,4.999062990532555,42.91139240506332
2153,f1_esp,17.595830162804933,-5.70740570579038,2.672914066576682,4.999062990532555,42.91139240506332
2154,f1_esp,17.595830162804933,-5.70740570579038,2.672914066576682,4.999062990532555,42.91139240506332
2155,f1_esp,17.595830162804933,-5.70740570579038,2.672914066576682,4.999062990532555,42.91139240506332
2156,f1_esp,17.595830162804933,-5.70740570579038,2.672914066576682,4.999062990532555,42.91139240506332
2157,f1_esp,17.595830162804933,-5.70740570579038,2.672914066576682,4.999062990532555,42.91139240506332
2158,f1_esp,17.595830162804933,-5.70740570579038,2.672914066576682,4.999062990532555,42.91139240506332
2159,f1_esp,17.141073442254765,-5.500276836362109,2.718155136362007,4.995821933735942,43.12236286919834
2160,f1_esp,17.141073442254765,-5.500276836362109,2.718155136362007,4.995821933735942,43.12236286919834
2161,f1_esp,17.141073442254765,-5.500276836362109,2.718155136362007,4.995821933735942,43.12236286919834
2162,f1_esp,17.141073442254765,-5.500276836362109,2.718155136362007,4.995821933735942,43.12236286919834
2163,f1_esp,17.141073442254765,-5.500276836362109,2.718155136362007,4.995821933735942,43.12236286919834
2164,f1_esp,17.141073442254765,-5.500276836362109,2.718155136362007,4.995821933735942,43.12236286919834
2165,f1_esp,17.141073442254765,-5.500276836362109,2.718155136362007,4.995821933735942,43.12236286919834
2166,f1_esp,17.141073442254765,-5.500276836362109,2.718155136362007,4.995821933735942,43.12236286919834
2167,f1_esp,17.141073442254765,-5.500276836362109,2.718155136362007,4.995821933735942,43.12236286919834
2168,f1_esp,17.141073442254765,-5.500276836362109,2.718155136362007,4.995821933735942,43.12236286919834
2169,f1_esp,16.68020450214178,-5.307623589468086,2.832565778896846,4.995891220976214,43.33333333333336
2170,f1_esp,16.68020450214178,-5.307623589468086,2.832565778896846,4.995891220976214,43.33333333333336
2171,f1_esp,16.68020450214178,-5.307623589468086,2.832565778896846,4.995891220976214,43.33333333333336
2172,f1_esp,16.68020450214178,-5.307623589468086,2.832565778896846,4.995891220976214,43.33333333333336
2173,f1_esp,16.68020450214178,-5.307623589468086,2.832565778896846,4.995891220976214,43.33333333333336
2174,f1_esp,16.68020450214178,-5.307623589468086,2.832565778896846,4.995891220976214,43.33333333333336
2175,f1_esp,16.68020450214178,-5.307623589468086,2.832565778896846,4.995891220976214,43.33333333333336
2176,f1_esp,16.68020450214178,-5.307623589468086,2.832565778896846,4.995891220976214,43.33333333333336
2177,f1_esp,16.68020450214178,-5.307623589468086,2.832565778896846,4.995891220976214,43.33333333333336
2178,f1_esp,16.68020450214178,-5.307623589468086,2.832565778896846,4.995891220976214,43.33333333333336
2179,f1_esp,16.205668657219213,-5.1518178606961955,2.919224154710285,4.996815555102884,43.586497890295384
2180,f1_esp,16.205668657219213,-5.1518178606961955,2.919224154710285,4.996815555102884,43.586497890295384
2181,f1_esp,16.205668657219213,-5.1518178606961955,2.919224154710285,4.996815555102884,43.586497890295384
2182,f1_esp,16.205668657219213,-5.1518178606961955,2.919224154710285,4.996815555102884,43.586497890295384
2183,f1_esp,16.205668657219213,-5.1518178606961955,2.919224154710285,4.996815555102884,43.586497890295384
2184,f1_esp,16.205668657219213,-5.1518178606961955,2.919224154710285,4.996815555102884,43.586497890295384
2185,f1_esp,16.205668657219213,-5.1518178606961955,2.919224154710285,4.996815555102884,43.586497890295384
2186,f1_esp,16.205668657219213,-5.1518178606961955,2.919224154710285,4.996815555102884,43.586497890295384
2187,f1_esp,16.205668657219213,-5.1518178606961955,2.919224154710285,4.996815555102884,43.586497890295384
2188,f1_esp,16.205668657219213,-5.1518178606961955,2.919224154710285,4.996815555102884,43.586497890295384
2189,f1_esp,15.720128952180007,-5.03395396479406,2.9786412721117346,4.998030231387799,43.7974683544304
2190,f1_esp,15.720128952180007,-5.03395396479406,2.9786412721117346,4.998030231387799,43.7974683544304
2191,f1_esp,15.720128952180007,-5.03395396479406,2.9786412721117346,4.998030231387799,43.7974683544304
2192,f1_esp,15.720128952180007,-5.03395396479406,2.9786412721117346,4.998030231387799,43.7974683544304
2193,f1_esp,15.720128952180007,-5.03395396479406,2.9786412721117346,4.998030231387799,43.7974683544304
2194,f1_esp,15.720128952180007,-5.03395396479406,2.9786412721117346,4.998030231387799,43.7974683544304
2195,f1_esp,15.720128952180007,-5.03395396479406,2.9786412721117346,4.998030231387799,43.7974683544304
2196,f1_esp,15.720128952180007,-5.03395396479406,2.9786412721117346,4.998030231387799,43.7974683544304
2197,f1_esp,15.720128952180007,-5.03395396479406,2.9786412721117346,4.998030231387799,43.7974683544304
2198,f1_esp,15.720128952180007,-5.03395396479406,2.9786412721117346,4.998030231387799,43.7974683544304
2199,f1_esp,15.22801526126539,-4.946876276941674,3.036210209275558,4.998770800522754,44.00843881856542
2200,f1_esp,15.22801526126539,-4.946876276941674,3.036210209275558,4.998770800522754,44.00843881856542
2201,f1_esp,15.22801526126539,-4.946876276941674,3.036210209275558,4.998770800522754,44.00843881856542
2202,f1_esp,15.22801526126539,-4.946876276941674,3.036210209275558,4.998770800522754,44.00843881856542
2203,f1_esp,15.22801526126539,-4.946876276941674,3.036210209275558,4.998770800522754,44.00843881856542
2204,f1_esp,15.22801526126539,-4.946876276941674,3.036210209275558,4.998770800522754,44.00843881856542
2205,f1_esp,15.22801526126539,-4.946876276941674,3.036210209275558,4.998770800522754,44.00843881856542
2206,f1_esp,15.22801526126539,-4.946876276941674,3.036210209275558,4.998770800522754,44.00843881856542
2207,f1_esp,15.22801526126539,-4.946876276941674,3.036210209275558,4.998770800522754,44.00843881856542
2208,f1_esp,15.22801526126539,-4.946876276941674,3.036210209275558,4.998770800522754,44.00843881856542
2209,f1_esp,14.73138300646375,-4.890571777632797,3.094926100383155,4.999220856445753,44.26160337552745
2210,f1_esp,14.73138300646375,-4.890571777632797,3.094926100383155,4.999220856445753,44.26160337552745
2211,f1_esp,14.73138300646375,-4.890571777632797,3.094926100383155,4.999220856445753,44.26160337552745
2212,f1_esp,14.73138300646375,-4.890571777632797,3.094926100383155,4.999220856445753,44.26160337552745
2213,f1_esp,14.73138300646375,-4.890571777632797,3.094926100383155,4.999220856445753,44.26160337552745
2214,f1_esp,14.73138300646375,-4.890571777632797,3.094926100383155,4.999220856445753,44.26160337552745
2215,f1_esp,14.73138300646375,-4.890571777632797,3.094926100383155,4.999220856445753,44.26160337552745
2216,f1_esp,14.73138300646375,-4.890571777632797,3.094926100383155,4.999220856445753,44.26160337552745
2217,f1_esp,14.73138300646375,-4.890571777632797,3.094926100383155,4.999220856445753,44.26160337552745
2218,f1_esp,14.73138300646375,-4.890571777632797,3.094926100383155,4.999220856445753,44.26160337552745
2219,f1_esp,14.232270775043824,-4.862813467444293,3.1397222785870826,4.999497719897578,44.472573839662466
2220,f1_esp,14.232270775043824,-4.862813467444293,3.1397222785870826,4.999497719897578,44.472573839662466
2221,f1_esp,14.232270775043824,-4.862813467444293,3.1397222785870826,4.999497719897578,44.472573839662466
2222,f1_esp,14.232270775043824,-4.862813467444293,3.1397222785870826,4.999497719897578,44.472573839662466
2223,f1_esp,14.232270775043824,-4.862813467444293,3.1397222785870826,4.999497719897578,44.472573839662466
2224,f1_esp,14.232270775043824,-4.862813467444293,3.1397222785870826,4.999497719897578,44.472573839662466
2225,f1_esp,14.232270775043824,-4.862813467444293,3.1397222785870826,4.999497719897578,44.472573839662466
2226,f1_esp,14.232270775043824,-4.862813467444293,3.1397222785870826,4.999497719897578,44.472573839662466
2227,f1_esp,14.232270775043824,-4.862813467444293,3.1397222785870826,4.999497719897578,44.472573839662466
2228,f1_esp,14.232270775043824,-4.862813467444293,3.1397222785870826,4.999497719897578,44.472573839662466
2229,f1_esp,13.732473150135176,-4.850658470148753,3.1131084296541585,4.99951759963226,44.68354430379749
2230,f1_esp,13.732473150135176,-4.850658470148753,3.1131084296541585,4.99951759963226,44.68354430379749
2231,f1_esp,13.732473150135176,-4.850658470148753,3.1131084296541585,4.99951759963226,44.68354430379749
2232,f1_esp,13.732473150135176,-4.850658470148753,3.1131084296541585,4.99951759963226,44.68354430379749
2233,f1_esp,13.732473150135176,-4.850658470148753,3.1131084296541585,4.99951759963226,44.68354430379749
2234,f1_esp,13.732473150135176,-4.850658470148753,3.1131084296541585,4.99951759963226,44.68354430379749
2235,f1_esp,13.732473150135176,-4.850658470148753,3.1131084296541585,4.99951759963226,44.68354430379749
2236,f1_esp,13.732473150135176,-4.850658470148753,3.1131084296541585,4.99951759963226,44.68354430379749
2237,f1_esp,13.732473150135176,-4.850658470148753,3.1131084296541585,4.99951759963226,44.68354430379749
2238,f1_esp,13.732473150135176,-4.850658470148753,3.1131084296541585,4.99951759963226,44.68354430379749
2239,f1_esp,13.233900951378232,-4.814816374126076,2.9770998450088095,4.999675774177627,44.894514767932506
2240,f1_esp,13.233900951378232,-4.814816374126076,2.9770998450088095,4.999675774177627,44.894514767932506
2241,f1_esp,13.233900951378232,-4.814816374126076,2.9770998450088095,4.999675774177627,44.894514767932506
2242,f1_esp,13.233900951378232,-4.814816374126076,2.9770998450088095,4.999675774177627,44.894514767932506
2243,f1_esp,13.233900951378232,-4.814816374126076,2.9770998450088095,4.999675774177627,44.894514767932506
2244,f1_esp,13.233900951378232,-4.814816374126076,2.9770998450088095,4.999675774177627,44.894514767932506
2245,f1_esp,13.233900951378232,-4.814816374126076,2.9770998450088095,4.999675774177627,44.894514767932506
2246,f1_esp,13.233900951378232,-4.814816374126076,2.9770998450088095,4.999675774177627,44.894514767932506
2247,f1_esp,13.233900951378232,-4.814816374126076,2.9770998450088095,4.999675774177627,44.894514767932506
2248,f1_esp,13.233900951378232,-4.814816374126076,2.9770998450088095,4.999675774177627,44.894514767932506
2249,f1_esp,12.738172032390336,-4.7500127274432185,2.9804605020925936,4.999718312269308,45.10548523206753
2250,f1_esp,12.738172032390336,-4.7500127274432185,2.9804605020925936,4.999718312269308,45.10548523206753
2251,f1_esp,12.738172032390336,-4.7500127274432185,2.9804605020925936,4.999718312269308,45.10548523206753
2252,f1_esp,12.738172032390336,-4.7500127274432185,2.9804605020925936,4.999718312269308,45.10548523206753
2253,f1_esp,12.738172032390336,-4.7500127274432185,2.9804605020925936,4.999718312269308,45.10548523206753
2254,f1_esp,12.738172032390336,-4.7500127274432185,2.9804605020925936,4.999718312269308,45.10548523206753
2255,f1_esp,12.738172032390336,-4.7500127274432185,2.9804605020925936,4.999718312269308,45.10548523206753
2256,f1_esp,12.738172032390336,-4.7500127274432185,2.9804605020925936,4.999718312269308,45.10548523206753
2257,f1_esp,12.738172032390336,-4.7500127274432185,2.9804605020925936,4.999718312269308,45.10548523206753
2258,f1_esp,12.738172032390336,-4.7500127274432185,2.9804605020925936,4.999718312269308,45.10548523206753
2259,f1_esp,12.242025534640707,-4.689323398434934,3.085758171492342,4.998262099421397,45.31645569620255
2260,f1_esp,12.242025534640707,-4.689323398434934,3.085758171492342,4.998262099421397,45.31645569620255
2261,f1_esp,12.242025534640707,-4.689323398434934,3.085758171492342,4.998262099421397,45.31645569620255
2262,f1_esp,12.242025534640707,-4.689323398434934,3.085758171492342,4.998262099421397,45.31645569620255
2263,f1_esp,12.242025534640707,-4.689323398434934,3.085758171492342,4.998262099421397,45.31645569620255
2264,f1_esp,12.242025534640707,-4.689323398434934,3.085758171492342,4.998262099421397,45.31645569620255
2265,f1_esp,12.242025534640707,-4.689323398434934,3.085758171492342,4.998262099421397,45.31645569620255
2266,f1_esp,12.242025534640707,-4.689323398434934,3.085758171492342,4.998262099421397,45.31645569620255
2267,f1_esp,12.242025534640707,-4.689323398434934,3.085758171492342,4.998262099421397,45.31645569620255
2268,f1_esp,12.242025534640707,-4.689323398434934,3.085758171492342,4.998262099421397,45.31645569620255
2269,f1_esp,11.743183299837334,-4.659587943562666,3.1733960142374915,4.998874289303647,45.527426160337576
2270,f1_esp,11.743183299837334,-4.659587943562666,3.1733960142374915,4.998874289303647,45.527426160337576
2271,f1_esp,11.743183299837334,-4.659587943562666,3.1733960142374915,4.998874289303647,45.527426160337576
2272,f1_esp,11.743183299837334,-4.659587943562666,3.1733960142374915,4.998874289303647,45.527426160337576
2273,f1_esp,11.743183299837334,-4.659587943562666,3.1733960142374915,4.998874289303647,45.527426160337576
2274,f1_esp,11.743183299837334,-4.659587943562666,3.1733960142374915,4.998874289303647,45.527426160337576
2275,f1_esp,11.743183299837334,-4.659587943562666,3.1733960142374915,4.998874289303647,45.527426160337576
2276,f1_esp,11.743183299837334,-4.659587943562666,3.1733960142374915,4.998874289303647,45.527426160337576
2277,f1_esp,11.743183299837334,-4.659587943562666,3.1733960142374915,4.998874289303647,45.527426160337576
2278,f1_esp,11.743183299837334,-4.659587943562666,3.1733960142374915,4.998874289303647,45.527426160337576
2279,f1_esp,11.243419351940828,-4.667353440440437,3.2198823021690473,4.999285102251227,45.73839662447259
2280,f1_esp,11.243419351940828,-4.667353440440437,3.2198823021690473,4.999285102251227,45.73839662447259
2281,f1_esp,11.243419351940828,-4.667353440440437,3.2198823021690473,4.999285102251227,45.73839662447259
2282,f1_esp,11.243419351940828,-4.667353440440437,3.2198823021690473,4.999285102251227,45.73839662447259
2283,f1_esp,11.243419351940828,-4.667353440440437,3.2198823021690473,4.999285102251227,45.73839662447259
2284,f1_esp,11.243419351940828,-4.667353440440437,3.2198823021690473,4.999285102251227,45.73839662447259
2285,f1_esp,11.243419351940828,-4.667353440440437,3.2198823021690473,4.999285102251227,45.73839662447259
2286,f1_esp,11.243419351940828,-4.667353440440437,3.2198823021690473,4.999285102251227,45.73839662447259
2287,f1_esp,11.243419351940828,-4.667353440440437,3.2198823021690473,4.999285102251227,45.73839662447259
2288,f1_esp,11.243419351940828,-4.667353440440437,3.2198823021690473,4.999285102251227,45.73839662447259
2289,f1_esp,10.744338500156935,-4.696500799924385,3.2172770195841913,4.999548085229421,45.949367088607616
2290,f1_esp,10.744338500156935,-4.696500799924385,3.2172770195841913,4.999548085229421,45.949367088607616
2291,f1_esp,10.744338500156935,-4.696500799924385,3.2172770195841913,4.999548085229421,45.949367088607616
2292,f1_esp,10.744338500156935,-4.696500799924385,3.2172770195841913,4.999548085229421,45.949367088607616
2293,f1_esp,10.744338500156935,-4.696500799924385,3.2172770195841913,4.999548085229421,45.949367088607616
2294,f1_esp,10.744338500156935,-4.696500799924385,3.2172770195841913,4.999548085229421,45.949367088607616
2295,f1_esp,10.744338500156935,-4.696500799924385,3.2172770195841913,4.999548085229421,45.949367088607616
2296,f1_esp,10.744338500156935,-4.696500799924385,3.2172770195841913,4.999548085229421,45.949367088607616
2297,f1_esp,10.744338500156935,-4.696500799924385,3.2172770195841913,4.999548085229421,45.949367088607616
2298,f1_esp,10.744338500156935,-4.696500799924385,3.2172770195841913,4.999548085229421,45.949367088607616
2299,f1_esp,10.245011247885504,-4.720982645910587,3.1415777427878235,4.9997069387027135,46.16033755274264
2300,f1_esp,10.245011247885504,-4.720982645910587,3.1415777427878235,4.9997069387027135,46.16033755274264
2301,f1_esp,10.245011247885504,-4.720982645910587,3.1415777427878235,4.9997069387027135,46.16033755274264
2302,f1_esp,10.245011247885504,-4.720982645910587,3.1415777427878235,4.9997069387027135,46.16033755274264
2303,f1_esp,10.245011247885504,-4.720982645910587,3.1415777427878235,4.9997069387027135,46.16033755274264
2304,f1_esp,10.245011247885504,-4.720982645910587,3.1415777427878235,4.9997069387027135,46.16033755274264
2305,f1_esp,10.245011247885504,-4.720982645910587,3.1415777427878235,4.9997069387027135,46.16033755274264
2306,f1_esp,10.245011247885504,-4.720982645910587,3.1415777427878235,4.9997069387027135,46.16033755274264
2307,f1_esp,10.245011247885504,-4.720982645910587,3.1415777427878235,4.9997069387027135,46.16033755274264
2308,f1_esp,10.245011247885504,-4.720982645910587,3.1415777427878235,4.9997069387027135,46.16033755274264
2309,f1_esp,9.745068636984419,-4.720644141289497,3.0911620907729005,4.999746974674293,46.371308016877656
2310,f1_esp,9.745068636984419,-4.720644141289497,3.0911620907729005,4.999746974674293,46.371308016877656
2311,f1_esp,9.745068636984419,-4.720644141289497,3.0911620907729005,4.999746974674293,46.371308016877656
2312,f1_esp,9.745068636984419,-4.720644141289497,3.0911620907729005,4.999746974674293,46.371308016877656
2313,f1_esp,9.745068636984419,-4.720644141289497,3.0911620907729005,4.999746974674293,46.371308016877656
2314,f1_esp,9.745068636984419,-4.720644141289497,3.0911620907729005,4.999746974674293,46.371308016877656
2315,f1_esp,9.745068636984419,-4.720644141289497,3.0911620907729005,4.999746974674293,46.371308016877656
2316,f1_esp,9.745068636984419,-4.720644141289497,3.0911620907729005,4.999746974674293,46.371308016877656
2317,f1_esp,9.745068636984419,-4.720644141289497,3.0911620907729005,4.999746974674293,46.371308016877656
2318,f1_esp,9.745068636984419,-4.720644141289497,3.0911620907729005,4.999746974674293,46.371308016877656
2319,f1_esp,9.245972648417597,-4.733926636049938,3.2853370561192534,4.9918565358146,46.58227848101268
2320,f1_esp,9.245972648417597,-4.733926636049938,3.2853370561192534,4.9918565358146,46.58227848101268
2321,f1_esp,9.245972648417597,-4.733926636049938,3.2853370561192534,4.9918565358146,46.58227848101268
2322,f1_esp,9.245972648417597,-4.733926636049938,3.2853370561192534,4.9918565358146,46.58227848101268
2323,f1_esp,9.245972648417597,-4.733926636049938,3.2853370561192534,4.9918565358146,46.58227848101268
2324,f1_esp,9.245972648417597,-4.733926636049938,3.2853370561192534,4.9918565358146,46.58227848101268
2325,f1_esp,9.245972648417597,-4.733926636049938,3.2853370561192534,4.9918565358146,46.58227848101268
2326,f1_esp,9.245972648417597,-4.733926636049938,3.2853370561192534,4.9918565358146,46.58227848101268
2327,f1_esp,9.245972648417597,-4.733926636049938,3.2853370561192534,4.9918565358146,46.58227848101268
2328,f1_esp,9.245972648417597,-4.733926636049938,3.2853370561192534,4.9918565358146,46.58227848101268
2329,f1_esp,8.765081985909115,-4.825506348266832,3.6076124794512703,4.8511138156082145,46.87763713080171
2330,f1_esp,8.765081985909115,-4.825506348266832,3.6076124794512703,4.8511138156082145,46.87763713080171
2331,f1_esp,8.765081985909115,-4.825506348266832,3.6076124794512703,4.8511138156082145,46.87763713080171
2332,f1_esp,8.765081985909115,-4.825506348266832,3.6076124794512703,4.8511138156082145,46.87763713080171
2333,f1_esp,8.765081985909115,-4.825506348266832,3.6076124794512703,4.8511138156082145,46.87763713080171
2334,f1_esp,8.765081985909115,-4.825506348266832,3.6076124794512703,4.8511138156082145,46.87763713080171
2335,f1_esp,8.765081985909115,-4.825506348266832,3.6076124794512703,4.8511138156082145,46.87763713080171
2336,f1_esp,8.765081985909115,-4.825506348266832,3.6076124794512703,4.8511138156082145,46.87763713080171
2337,f1_esp,8.765081985909115,-4.825506348266832,3.6076124794512703,4.8511138156082145,46.87763713080171
2338,f1_esp,8.765081985909115,-4.825506348266832,3.6076124794512703,4.8511138156082145,46.87763713080171
2339,f1_esp,8.370501695288617,-5.020745718327909,4.121289735230901,3.9001138156082114,47.17299578059074
2340,f1_esp,8.370501695288617,-5.020745718327909,4.121289735230901,3.9001138156082114,47.17299578059074
2341,f1_esp,8.370501695288617,-5.020745718327909,4.121289735230901,3.9001138156082114,47.17299578059074
2342,f1_esp,8.370501695288617,-5.020745718327909,4.121289735230901,3.9001138156082114,47.17299578059074
2343,f1_esp,8.370501695288617,-5.020745718327909,4.121289735230901,3.9001138156082114,47.17299578059074
2344,f1_esp,8.370501695288617,-5.020745718327909,4.121289735230901,3.9001138156082114,47.17299578059074
2345,f1_esp,8.370501695288617,-5.020745718327909,4.121289735230901,3.9001138156082114,47.17299578059074
2346,f1_esp,8.370501695288617,-5.020745718327909,4.121289735230901,3.9001138156082114,47.17299578059074
2347,f1_esp,8.370501695288617,-5.020745718327909,4.121289735230901,3.9001138156082114,47.17299578059074
2348,f1_esp,8.370501695288617,-5.020745718327909,4.121289735230901,3.9001138156082114,47.17299578059074
2349,f1_esp,8.114855251366748,-5.33861588739641,4.28294995292264,4.32426326859903,47.38396624472576
2350,f1_esp,8.114855251366748,-5.33861588739641,4.28294995292264,4.32426326859903,47.38396624472576
2351,f1_esp,8.114855251366748,-5.33861588739641,4.28294995292264,4.32426326859903,47.38396624472576
2352,f1_esp,8.114855251366748,-5.33861588739641,4.28294995292264,4.32426326859903,47.38396624472576
2353,f1_esp,8.114855251366748,-5.33861588739641,4.28294995292264,4.32426326859903,47.38396624472576
2354,f1_esp,8.114855251366748,-5.33861588739641,4.28294995292264,4.32426326859903,47.38396624472576
2355,f1_esp,8.114855251366748,-5.33861588739641,4.28294995292264,4.32426326859903,47.38396624472576
2356,f1_esp,8.114855251366748,-5.33861588739641,4.28294995292264,4.32426326859903,47.38396624472576
2357,f1_esp,8.114855251366748,-5.33861588739641,4.28294995292264,4.32426326859903,47.38396624472576
2358,f1_esp,8.114855251366748,-5.33861588739641,4.28294995292264,4.32426326859903,47.38396624472576
2359,f1_esp,7.91875926723267,-5.737954625638757,4.346974431560801,4.58484848604439,47.63713080168778
2360,f1_esp,7.91875926723267,-5.737954625638757,4.346974431560801,4.58484848604439,47.63713080168778
2361,f1_esp,7.91875926723267,-5.737954625638757,4.346974431560801,4.58484848604439,47.63713080168778
2362,f1_esp,7.91875926723267,-5.737954625638757,4.346974431560801,4.58484848604439,47.63713080168778
2363,f1_esp,7.91875926723267,-5.737954625638757,4.346974431560801,4.58484848604439,47.63713080168778
2364,f1_esp,7.91875926723267,-5.737954625638757,4.346974431560801,4.58484848604439,47.63713080168778
2365,f1_esp,7.91875926723267,-5.737954625638757,4.346974431560801,4.58484848604439,47.63713080168778
2366,f1_esp,7.91875926723267,-5.737954625638757,4.346974431560801,4.58484848604439,47.63713080168778
2367,f1_esp,7.91875926723267,-5.737954625638757,4.346974431560801,4.58484848604439,47.63713080168778
2368,f1_esp,7.91875926723267,-5.737954625638757,4.346974431560801,4.58484848604439,47.63713080168778
2369,f1_esp,7.758804313142929,-6.17583525267832,4.440930110275749,4.744948144472403,47.89029535864981
2370,f1_esp,7.758804313142929,-6.17583525267832,4.440930110275749,4.744948144472403,47.89029535864981
2371,f1_esp,7.758804313142929,-6.17583525267832,4.440930110275749,4.744948144472403,47.89029535864981
2372,f1_esp,7.758804313142929,-6.17583525267832,4.440930110275749,4.744948144472403,47.89029535864981
2373,f1_esp,7.758804313142929,-6.17583525267832,4.440930110275749,4.744948144472403,47.89029535864981
2374,f1_esp,7.758804313142929,-6.17583525267832,4.440930110275749,4.744948144472403,47.89029535864981
2375,f1_esp,7.758804313142929,-6.17583525267832,4.440930110275749,4.744948144472403,47.89029535864981
2376,f1_esp,7.758804313142929,-6.17583525267832,4.440930110275749,4.744948144472403,47.89029535864981
2377,f1_esp,7.758804313142929,-6.17583525267832,4.440930110275749,4.744948144472403,47.89029535864981
2378,f1_esp,7.758804313142929,-6.17583525267832,4.440930110275749,4.744948144472403,47.89029535864981
2379,f1_esp,7.600291908804291,-6.628140118458256,4.319498481824133,4.8433051191935315,48.14345991561183
2380,f1_esp,7.600291908804291,-6.628140118458256,4.319498481824133,4.8433051191935315,48.14345991561183
2381,f1_esp,7.600291908804291,-6.628140118458256,4.319498481824133,4.8433051191935315,48.14345991561183
2382,f1_esp,7.600291908804291,-6.628140118458256,4.319498481824133,4.8433051191935315,48.14345991561183
2383,f1_esp,7.600291908804291,-6.628140118458256,4.319498481824133,4.8433051191935315,48.14345991561183
2384,f1_esp,7.600291908804291,-6.628140118458256,4.319498481824133,4.8433051191935315,48.14345991561183
2385,f1_esp,7.600291908804291,-6.628140118458256,4.319498481824133,4.8433051191935315,48.14345991561183
2386,f1_esp,7.600291908804291,-6.628140118458256,4.319498481824133,4.8433051191935315,48.14345991561183
2387,f1_esp,7.600291908804291,-6.628140118458256,4.319498481824133,4.8433051191935315,48.14345991561183
2388,f1_esp,7.600291908804291,-6.628140118458256,4.319498481824133,4.8433051191935315,48.14345991561183
2389,f1_esp,7.411806414545069,-7.077417774159928,4.242781515607624,4.9037331472954175,48.312236286919855
2390,f1_esp,7.411806414545069,-7.077417774159928,4.242781515607624,4.9037331472954175,48.312236286919855
2391,f1_esp,7.411806414545069,-7.077417774159928,4.242781515607624,4.9037331472954175,48.312236286919855
2392,f1_esp,7.411806414545069,-7.077417774159928,4.242781515607624,4.9037331472954175,48.312236286919855
2393,f1_esp,7.411806414545069,-7.077417774159928,4.242781515607624,4.9037331472954175,48.312236286919855
2394,f1_esp,7.411806414545069,-7.077417774159928,4.242781515607624,4.9037331472954175,48.312236286919855
2395,f1_esp,7.411806414545069,-7.077417774159928,4.242781515607624,4.9037331472954175,48.312236286919855
2396,f1_esp,7.411806414545069,-7.077417774159928,4.242781515607624,4.9037331472954175,48.312236286919855
2397,f1_esp,7.411806414545069,-7.077417774159928,4.242781515607624,4.9037331472954175,48.312236286919855
2398,f1_esp,7.411806414545069,-7.077417774159928,4.242781515607624,4.9037331472954175,48.312236286919855
2399,f1_esp,7.199399797086875,-7.52138551436035,4.231278008186997,4.940857044494613,48.52320675105487
2400,f1_esp,7.199399797086875,-7.52138551436035,4.231278008186997,4.940857044494613,48.52320675105487
2401,f1_esp,7.199399797086875,-7.52138551436035,4.231278008186997,4.940857044494613,48.52320675105487
2402,f1_esp,7.199399797086875,-7.52138551436035,4.231278008186997,4.940857044494613,48.52320675105487
2403,f1_esp,7.199399797086875,-7.52138551436035,4.231278008186997,4.940857044494613,48.52320675105487
2404,f1_esp,7.199399797086875,-7.52138551436035,4.231278008186997,4.940857044494613,48.52320675105487
2405,f1_esp,7.199399797086875,-7.52138551436035,4.231278008186997,4.940857044494613,48.52320675105487
2406,f1_esp,7.199399797086875,-7.52138551436035,4.231278008186997,4.940857044494613,48.52320675105487
2407,f1_esp,7.199399797086875,-7.52138551436035,4.231278008186997,4.940857044494613,48.52320675105487
2408,f1_esp,7.199399797086875,-7.52138551436035,4.231278008186997,4.940857044494613,48.52320675105487
2409,f1_esp,6.972212645047134,-7.961387989884487,4.213364538542762,4.963663299452899,48.69198312236289
2410,f1_esp,6.972212645047134,-7.961387989884487,4.213364538542762,4.963663299452899,48.69198312236289
2411,f1_esp,6.972212645047134,-7.961387989884487,4.213364538542762,4.963663299452899,48.69198312236289
2412,f1_esp,6.972212645047134,-7.961387989884487,4.213364538542762,4.963663299452899,48.69198312236289
2413,f1_esp,6.972212645047134,-7.961387989884487,4.213364538542762,4.963663299452899,48.69198312236289
2414,f1_esp,6.972212645047134,-7.961387989884487,4.213364538542762,4.963663299452899,48.69198312236289
2415,f1_esp,6.972212645047134,-7.961387989884487,4.213364538542762,4.963663299452899,48.69198312236289
2416,f1_esp,6.972212645047134,-7.961387989884487,4.213364538542762,4.963663299452899,48.69198312236289
2417,f1_esp,6.972212645047134,-7.961387989884487,4.213364538542762,4.963663299452899,48.69198312236289
2418,f1_esp,6.972212645047134,-7.961387989884487,4.213364538542762,4.963663299452899,48.69198312236289
2419,f1_esp,6.733047923366159,-8.397095819958311,4.173409987779798,4.97767509036847,48.90295358649791
2420,f1_esp,6.733047923366159,-8.397095819958311,4.173409987779798,4.97767509036847,48.90295358649791
2421,f1_esp,6.733047923366159,-8.397095819958311,4.173409987779798,4.97767509036847,48.90295358649791
2422,f1_esp,6.733047923366159,-8.397095819958311,4.173409987779798,4.97767509036847,48.90295358649791
2423,f1_esp,6.733047923366159,-8.397095819958311,4.173409987779798,4.97767509036847,48.90295358649791
2424,f1_esp,6.733047923366159,-8.397095819958311,4.173409987779798,4.97767509036847,48.90295358649791
2425,f1_esp,6.733047923366159,-8.397095819958311,4.173409987779798,4.97767509036847,48.90295358649791
2426,f1_esp,6.733047923366159,-8.397095819958311,4.173409987779798,4.97767509036847,48.90295358649791
2427,f1_esp,6.733047923366159,-8.397095819958311,4.173409987779798,4.97767509036847,48.90295358649791
2428,f1_esp,6.733047923366159,-8.397095819958311,4.173409987779798,4.97767509036847,48.90295358649791
2429,f1_esp,6.4785220664304966,-8.825342182572006,4.150242700302466,4.9862413805374395,49.156118143459935
2430,f1_esp,6.4785220664304966,-8.825342182572006,4.150242700302466,4.9862413805374395,49.156118143459935
2431,f1_esp,6.4785220664304966,-8.825342182572006,4.150242700302466,4.9862413805374395,49.156118143459935
2432,f1_esp,6.4785220664304966,-8.825342182572006,4.150242700302466,4.9862413805374395,49.156118143459935
2433,f1_esp,6.4785220664304966,-8.825342182572006,4.150242700302466,4.9862413805374395,49.156118143459935
2434,f1_esp,6.4785220664304966,-8.825342182572006,4.150242700302466,4.9862413805374395,49.156118143459935
2435,f1_esp,6.4785220664304966,-8.825342182572006,4.150242700302466,4.9862413805374395,49.156118143459935
2436,f1_esp,6.4785220664304966,-8.825342182572006,4.150242700302466,4.9862413805374395,49.156118143459935
2437,f1_esp,6.4785220664304966,-8.825342182572006,4.150242700302466,4.9862413805374395,49.156118143459935
2438,f1_esp,6.4785220664304966,-8.825342182572006,4.150242700302466,4.9862413805374395,49.156118143459935
2439,f1_esp,6.246502780370495,-9.26661404130237,4.374454594111495,4.99154044852952,49.40928270042196
2440,f1_esp,6.246502780370495,-9.26661404130237,4.374454594111495,4.99154044852952,49.40928270042196
2441,f1_esp,6.246502780370495,-9.26661404130237,4.374454594111495,4.99154044852952,49.40928270042196
2442,f1_esp,6.246502780370495,-9.26661404130237,4.374454594111495,4.99154044852952,49.40928270042196
2443,f1_esp,6.246502780370495,-9.26661404130237,4.374454594111495,4.99154044852952,49.40928270042196
2444,f1_esp,6.246502780370495,-9.26661404130237,4.374454594111495,4.99154044852952,49.40928270042196
2445,f1_esp,6.246502780370495,-9.26661404130237,4.374454594111495,4.99154044852952,49.40928270042196
2446,f1_esp,6.246502780370495,-9.26661404130237,4.374454594111495,4.99154044852952,49.40928270042196
2447,f1_esp,6.246502780370495,-9.26661404130237,4.374454594111495,4.99154044852952,49.40928270042196
2448,f1_esp,6.246502780370495,-9.26661404130237,4.374454594111495,4.99154044852952,49.40928270042196
2449,f1_esp,6.087494260724961,-9.73928773132484,4.590329843765325,4.994800435206687,49.62025316455698
2450,f1_esp,6.087494260724961,-9.73928773132484,4.590329843765325,4.994800435206687,49.62025316455698
2451,f1_esp,6.087494260724961,-9.73928773132484,4.590329843765325,4.994800435206687,49.62025316455698
2452,f1_esp,6.087494260724961,-9.73928773132484,4.590329843765325,4.994800435206687,49.62025316455698
2453,f1_esp,6.087494260724961,-9.73928773132484,4.590329843765325,4.994800435206687,49.62025316455698
2454,f1_esp,6.087494260724961,-9.73928773132484,4.590329843765325,4.994800435206687,49.62025316455698
2455,f1_esp,6.087494260724961,-9.73928773132484,4.590329843765325,4.994800435206687,49.62025316455698
2456,f1_esp,6.087494260724961,-9.73928773132484,4.590329843765325,4.994800435206687,49.62025316455698
2457,f1_esp,6.087494260724961,-9.73928773132484,4.590329843765325,4.994800435206687,49.62025316455698
2458,f1_esp,6.087494260724961,-9.73928773132484,4.590329843765325,4.994800435206687,49.62025316455698
2459,f1_esp,6.001092290151532,-10.21355483077239,4.669792180711047,4.7154449640434155,49.831223628692
2460,f1_esp,6.001092290151532,-10.21355483077239,4.669792180711047,4.7154449640434155,49.831223628692
2461,f1_esp,6.001092290151532,-10.21355483077239,4.669792180711047,4.7154449640434155,49.831223628692
2462,f1_esp,6.001092290151532,-10.21355483077239,4.669792180711047,4.7154449640434155,49.831223628692
2463,f1_esp,6.001092290151532,-10.21355483077239,4.669792180711047,4.7154449640434155,49.831223628692
2464,f1_esp,6.001092290151532,-10.21355483077239,4.669792180711047,4.7154449640434155,49.831223628692
2465,f1_esp,6.001092290151532,-10.21355483077239,4.669792180711047,4.7154449640434155,49.831223628692
2466,f1_esp,6.001092290151532,-10.21355483077239,4.669792180711047,4.7154449640434155,49.831223628692
2467,f1_esp,6.001092290151532,-10.21355483077239,4.669792180711047,4.7154449640434155,49.831223628692
2468,f1_esp,6.001092290151532,-10.21355483077239,4.669792180711047,4.7154449640434155,49.831223628692
2469,f1_esp,5.962454106523683,-10.644745115051222,4.701329077430784,4.010774514147896,50.00000000000002
2470,f1_esp,5.962454106523683,-10.644745115051222,4.701329077430784,4.010774514147896,50.00000000000002
2471,f1_esp,5.962454106523683,-10.644745115051222,4.701329077430784,4.010774514147896,50.00000000000002
2472,f1_esp,5.962454106523683,-10.644745115051222,4.701329077430784,4.010774514147896,50.00000000000002
2473,f1_esp,5.962454106523683,-10.644745115051222,4.701329077430784,4.010774514147896,50.00000000000002
2474,f1_esp,5.962454106523683,-10.644745115051222,4.701329077430784,4.010774514147896,50.00000000000002
2475,f1_esp,5.962454106523683,-10.644745115051222,4.701329077430784,4.010774514147896,50.00000000000002
2476,f1_esp,5.962454106523683,-10.644745115051222,4.701329077430784,4.010774514147896,50.00000000000002
2477,f1_esp,5.962454106523683,-10.644745115051222,4.701329077430784,4.010774514147896,50.00000000000002
2478,f1_esp,5.962454106523683,-10.644745115051222,4.701329077430784,4.010774514147896,50.00000000000002
2479,f1_esp,5.937605315068792,-11.036571834389974,4.634408354465576,3.872685907202627,50.126582278481024
2480,f1_esp,5.937605315068792,-11.036571834389974,4.634408354465576,3.872685907202627,50.126582278481024
2481,f1_esp,5.937605315068792,-11.036571834389974,4.634408354465576,3.872685907202627,50.126582278481024
2482,f1_esp,5.937605315068792,-11.036571834389974,4.634408354465576,3.872685907202627,50.126582278481024
2483,f1_esp,5.937605315068792,-11.036571834389974,4.634408354465576,3.872685907202627,50.126582278481024
2484,f1_esp,5.937605315068792,-11.036571834389974,4.634408354465576,3.872685907202627,50.126582278481024
2485,f1_esp,5.937605315068792,-11.036571834389974,4.634408354465576,3.872685907202627,50.126582278481024
2486,f1_esp,5.937605315068792,-11.036571834389974,4.634408354465576,3.872685907202627,50.126582278481024
2487,f1_esp,5.937605315068792,-11.036571834389974,4.634408354465576,3.872685907202627,50.126582278481024
2488,f1_esp,5.937605315068792,-11.036571834389974,4.634408354465576,3.872685907202627,50.126582278481024
2489,f1_esp,5.887820075675681,-11.439411421700079,4.514668726816566,4.25625304824547,50.295358649789044
2490,f1_esp,5.887820075675681,-11.439411421700079,4.514668726816566,4.25625304824547,50.295358649789044
2491,f1_esp,5.887820075675681,-11.439411421700079,4.514668726816566,4.25625304824547,50.295358649789044
2492,f1_esp,5.887820075675681,-11.439411421700079,4.514668726816566,4.25625304824547,50.295358649789044
2493,f1_esp,5.887820075675681,-11.439411421700079,4.514668726816566,4.25625304824547,50.295358649789044
2494,f1_esp,5.887820075675681,-11.439411421700079,4.514668726816566,4.25625304824547,50.295358649789044
2495,f1_esp,5.887820075675681,-11.439411421700079,4.514668726816566,4.25625304824547,50.295358649789044
2496,f1_esp,5.887820075675681,-11.439411421700079,4.514668726816566,4.25625304824547,50.295358649789044
2497,f1_esp,5.887820075675681,-11.439411421700079,4.514668726816566,4.25625304824547,50.295358649789044
2498,f1_esp,5.887820075675681,-11.439411421700079,4.514668726816566,4.25625304824547,50.295358649789044
2499,f1_esp,5.781646137390729,-11.865550933010983,4.333132123871669,4.542468768031805,50.464135021097064
2500,f1_esp,5.781646137390729,-11.865550933010983,4.333132123871669,4.542468768031805,50.464135021097064
2501,f1_esp,5.781646137390729,-11.865550933010983,4.333132123871669,4.542468768031805,50.464135021097064
2502,f1_esp,5.781646137390729,-11.865550933010983,4.333132123871669,4.542468768031805,50.464135021097064
2503,f1_esp,5.781646137390729,-11.865550933010983,4.333132123871669,4.542468768031805,50.464135021097064
2504,f1_esp,5.781646137390729,-11.865550933010983,4.333132123871669,4.542468768031805,50.464135021097064
2505,f1_esp,5.781646137390729,-11.865550933010983,4.333132123871669,4.542468768031805,50.464135021097064
2506,f1_esp,5.781646137390729,-11.865550933010983,4.333132123871669,4.542468768031805,50.464135021097064
2507,f1_esp,5.781646137390729,-11.865550933010983,4.333132123871669,4.542468768031805,50.464135021097064
2508,f1_esp,5.781646137390729,-11.865550933010983,4.333132123871669,4.542468768031805,50.464135021097064
2509,f1_esp,5.588852979719849,-12.285604846760133,4.117888000743055,4.717213551548872,50.67510548523209
2510,f1_esp,5.588852979719849,-12.285604846760133,4.117888000743055,4.717213551548872,50.67510548523209
2511,f1_esp,5.588852979719849,-12.285604846760133,4.117888000743055,4.717213551548872,50.67510548523209
2512,f1_esp,5.588852979719849,-12.285604846760133,4.117888000743055,4.717213551548872,50.67510548523209
2513,f1_esp,5.588852979719849,-12.285604846760133,4.117888000743055,4.717213551548872,50.67510548523209
2514,f1_esp,5.588852979719849,-12.285604846760133,4.117888000743055,4.717213551548872,50.67510548523209
2515,f1_esp,5.588852979719849,-12.285604846760133,4.117888000743055,4.717213551548872,50.67510548523209
2516,f1_esp,5.588852979719849,-12.285604846760133,4.117888000743055,4.717213551548872,50.67510548523209
2517,f1_esp,5.588852979719849,-12.285604846760133,4.117888000743055,4.717213551548872,50.67510548523209
2518,f1_esp,5.588852979719849,-12.285604846760133,4.117888000743055,4.717213551548872,50.67510548523209
2519,f1_esp,5.32157129177295,-12.680125075479687,3.955389960137481,4.826267630769984,50.84388185654011
2520,f1_esp,5.32157129177295,-12.680125075479687,3.955389960137481,4.826267630769984,50.84388185654011
2521,f1_esp,5.32157129177295,-12.680125075479687,3.955389960137481,4.826267630769984,50.84388185654011
2522,f1_esp,5.32157129177295,-12.680125075479687,3.955389960137481,4.826267630769984,50.84388185654011
2523,f1_esp,5.32157129177295,-12.680125075479687,3.955389960137481,4.826267630769984,50.84388185654011
2524,f1_esp,5.32157129177295,-12.680125075479687,3.955389960137481,4.826267630769984,50.84388185654011
2525,f1_esp,5.32157129177295,-12.680125075479687,3.955389960137481,4.826267630769984,50.84388185654011
2526,f1_esp,5.32157129177295,-12.680125075479687,3.955389960137481,4.826267630769984,50.84388185654011
2527,f1_esp,5.32157129177295,-12.680125075479687,3.955389960137481,4.826267630769984,50.84388185654011
2528,f1_esp,5.32157129177295,-12.680125075479687,3.955389960137481,4.826267630769984,50.84388185654011
2529,f1_esp,4.98639329824952,-13.03129429571317,3.7809411512665347,4.893265355109466,51.054852320675124
2530,f1_esp,4.98639329824952,-13.03129429571317,3.7809411512665347,4.893265355109466,51.054852320675124
2531,f1_esp,4.98639329824952,-13.03129429571317,3.7809411512665347,4.893265355109466,51.054852320675124
2532,f1_esp,4.98639329824952,-13.03129429571317,3.7809411512665347,4.893265355109466,51.054852320675124
2533,f1_esp,4.98639329824952,-13.03129429571317,3.7809411512665347,4.893265355109466,51.054852320675124
2534,f1_esp,4.98639329824952,-13.03129429571317,3.7809411512665347,4.893265355109466,51.054852320675124
2535,f1_esp,4.98639329824952,-13.03129429571317,3.7809411512665347,4.893265355109466,51.054852320675124
2536,f1_esp,4.98639329824952,-13.03129429571317,3.7809411512665347,4.893265355109466,51.054852320675124
2537,f1_esp,4.98639329824952,-13.03129429571317,3.7809411512665347,4.893265355109466,51.054852320675124
2538,f1_esp,4.98639329824952,-13.03129429571317,3.7809411512665347,4.893265355109466,51.054852320675124
2539,f1_esp,4.605566910466052,-13.341042833042202,3.735961388802758,4.928939877910164,51.223628691983144
2540,f1_esp,4.605566910466052,-13.341042833042202,3.735961388802758,4.928939877910164,51.223628691983144
2541,f1_esp,4.605566910466052,-13.341042833042202,3.735961388802758,4.928939877910164,51.223628691983144
2542,f1_esp,4.605566910466052,-13.341042833042202,3.735961388802758,4.928939877910164,51.223628691983144
2543,f1_esp,4.605566910466052,-13.341042833042202,3.735961388802758,4.928939877910164,51.223628691983144
2544,f1_esp,4.605566910466052,-13.341042833042202,3.735961388802758,4.928939877910164,51.223628691983144
2545,f1_esp,4.605566910466052,-13.341042833042202,3.735961388802758,4.928939877910164,51.223628691983144
2546,f1_esp,4.605566910466052,-13.341042833042202,3.735961388802758,4.928939877910164,51.223628691983144
2547,f1_esp,4.605566910466052,-13.341042833042202,3.735961388802758,4.928939877910164,51.223628691983144
2548,f1_esp,4.605566910466052,-13.341042833042202,3.735961388802758,4.928939877910164,51.223628691983144
2549,f1_esp,4.2278328289783875,-13.652988266175127,3.960259174193222,4.883454740913742,51.43459915611817
2550,f1_esp,4.2278328289783875,-13.652988266175127,3.960259174193222,4.883454740913742,51.43459915611817
2551,f1_esp,4.2278328289783875,-13.652988266175127,3.960259174193222,4.883454740913742,51.43459915611817
2552,f1_esp,4.2278328289783875,-13.652988266175127,3.960259174193222,4.883454740913742,51.43459915611817
2553,f1_esp,4.2278328289783875,-13.652988266175127,3.960259174193222,4.883454740913742,51.43459915611817
2554,f1_esp,4.2278328289783875,-13.652988266175127,3.960259174193222,4.883454740913742,51.43459915611817
2555,f1_esp,4.2278328289783875,-13.652988266175127,3.960259174193222,4.883454740913742,51.43459915611817
2556,f1_esp,4.2278328289783875,-13.652988266175127,3.960259174193222,4.883454740913742,51.43459915611817
2557,f1_esp,4.2278328289783875,-13.652988266175127,3.960259174193222,4.883454740913742,51.43459915611817
2558,f1_esp,4.2278328289783875,-13.652988266175127,3.960259174193222,4.883454740913742,51.43459915611817
2559,f1_esp,3.902962909422098,-14.019523111886727,4.205450734886641,4.928266571863266,51.6455696202532
2560,f1_esp,3.902962909422098,-14.019523111886727,4.205450734886641,4.928266571863266,51.6455696202532
2561,f1_esp,3.902962909422098,-14.019523111886727,4.205450734886641,4.928266571863266,51.6455696202532
2562,f1_esp,3.902962909422098,-14.019523111886727,4.205450734886641,4.928266571863266,51.6455696202532
2563,f1_esp,3.902962909422098,-14.019523111886727,4.205450734886641,4.928266571863266,51.6455696202532
2564,f1_esp,3.902962909422098,-14.019523111886727,4.205450734886641,4.928266571863266,51.6455696202532
2565,f1_esp,3.902962909422098,-14.019523111886727,4.205450734886641,4.928266571863266,51.6455696202532
2566,f1_esp,3.902962909422098,-14.019523111886727,4.205450734886641,4.928266571863266,51.6455696202532
2567,f1_esp,3.902962909422098,-14.019523111886727,4.205450734886641,4.928266571863266,51.6455696202532
2568,f1_esp,3.902962909422098,-14.019523111886727,4.205450734886641,4.928266571863266,51.6455696202532
2569,f1_esp,3.6504925671112924,-14.443699868493733,4.34887098088061,4.955928603526907,51.856540084388214
2570,f1_esp,3.6504925671112924,-14.443699868493733,4.34887098088061,4.955928603526907,51.856540084388214
2571,f1_esp,3.6504925671112924,-14.443699868493733,4.34887098088061,4.955928603526907,51.856540084388214
2572,f1_esp,3.6504925671112924,-14.443699868493733,4.34887098088061,4.955928603526907,51.856540084388214
2573,f1_esp,3.6504925671112924,-14.443699868493733,4.34887098088061,4.955928603526907,51.856540084388214
2574,f1_esp,3.6504925671112924,-14.443699868493733,4.34887098088061,4.955928603526907,51.856540084388214
2575,f1_esp,3.6504925671112924,-14.443699868493733,4.34887098088061,4.955928603526907,51.856540084388214
2576,f1_esp,3.6504925671112924,-14.443699868493733,4.34887098088061,4.955928603526907,51.856540084388214
2577,f1_esp,3.6504925671112924,-14.443699868493733,4.34887098088061,4.955928603526907,51.856540084388214
2578,f1_esp,3.6504925671112924,-14.443699868493733,4.34887098088061,4.955928603526907,51.856540084388214
2579,f1_esp,3.4445939964175225,-14.89524511981406,4.362955330184314,4.9727829995352755,52.06751054852323
2580,f1_esp,3.4445939964175225,-14.89524511981406,4.362955330184314,4.9727829995352755,52.06751054852323
2581,f1_esp,3.4445939964175225,-14.89524511981406,4.362955330184314,4.9727829995352755,52.06751054852323
2582,f1_esp,3.4445939964175225,-14.89524511981406,4.362955330184314,4.9727829995352755,52.06751054852323
2583,f1_esp,3.4445939964175225,-14.89524511981406,4.362955330184314,4.9727829995352755,52.06751054852323
2584,f1_esp,3.4445939964175225,-14.89524511981406,4.362955330184314,4.9727829995352755,52.06751054852323
2585,f1_esp,3.4445939964175225,-14.89524511981406,4.362955330184314,4.9727829995352755,52.06751054852323
2586,f1_esp,3.4445939964175225,-14.89524511981406,4.362955330184314,4.9727829995352755,52.06751054852323
2587,f1_esp,3.4445939964175225,-14.89524511981406,4.362955330184314,4.9727829995352755,52.06751054852323
2588,f1_esp,3.4445939964175225,-14.89524511981406,4.362955330184314,4.9727829995352755,52.06751054852323
2589,f1_esp,3.2665215693999814,-15.360062061490735,4.381990620185769,4.983166396265373,52.278481012658254
2590,f1_esp,3.2665215693999814,-15.360062061490735,4.381990620185769,4.983166396265373,52.278481012658254
2591,f1_esp,3.2665215693999814,-15.360062061490735,4.381990620185769,4.983166396265373,52.278481012658254
2592,f1_esp,3.2665215693999814,-15.360062061490735,4.381990620185769,4.983166396265373,52.278481012658254
2593,f1_esp,3.2665215693999814,-15.360062061490735,4.381990620185769,4.983166396265373,52.278481012658254
2594,f1_esp,3.2665215693999814,-15.360062061490735,4.381990620185769,4.983166396265373,52.278481012658254
2595,f1_esp,3.2665215693999814,-15.360062061490735,4.381990620185769,4.983166396265373,52.278481012658254
2596,f1_esp,3.2665215693999814,-15.360062061490735,4.381990620185769,4.983166396265373,52.278481012658254
2597,f1_esp,3.2665215693999814,-15.360062061490735,4.381990620185769,4.983166396265373,52.278481012658254
2598,f1_esp,3.2665215693999814,-15.360062061490735,4.381990620185769,4.983166396265373,52.278481012658254
2599,f1_esp,3.091562281973039,-15.826952390504742,4.309983546957688,4.98954614478153,52.447257383966274
2600,f1_esp,3.091562281973039,-15.826952390504742,4.309983546957688,4.98954614478153,52.447257383966274
2601,f1_esp,3.091562281973039,-15.826952390504742,4.309983546957688,4.98954614478153,52.447257383966274
2602,f1_esp,3.091562281973039,-15.826952390504742,4.309983546957688,4.98954614478153,52.447257383966274
2603,f1_esp,3.091562281973039,-15.826952390504742,4.309983546957688,4.98954614478153,52.447257383966274
2604,f1_esp,3.091562281973039,-15.826952390504742,4.309983546957688,4.98954614478153,52.447257383966274
2605,f1_esp,3.091562281973039,-15.826952390504742,4.309983546957688,4.98954614478153,52.447257383966274
2606,f1_esp,3.091562281973039,-15.826952390504742,4.309983546957688,4.98954614478153,52.447257383966274
2607,f1_esp,3.091562281973039,-15.826952390504742,4.309983546957688,4.98954614478153,52.447257383966274
2608,f1_esp,3.091562281973039,-15.826952390504742,4.309983546957688,4.98954614478153,52.447257383966274
2609,f1_esp,2.873942616700583,-16.275711695077355,4.108809163230098,4.993111796516388,52.65822784810129
2610,f1_esp,2.873942616700583,-16.275711695077355,4.108809163230098,4.993111796516388,52.65822784810129
2611,f1_esp,2.873942616700583,-16.275711695077355,4.108809163230098,4.993111796516388,52.65822784810129
2612,f1_esp,2.873942616700583,-16.275711695077355,4.108809163230098,4.993111796516388,52.65822784810129
2613,f1_esp,2.873942616700583,-16.275711695077355,4.108809163230098,4.993111796516388,52.65822784810129
2614,f1_esp,2.873942616700583,-16.275711695077355,4.108809163230098,4.993111796516388,52.65822784810129
2615,f1_esp,2.873942616700583,-16.275711695077355,4.108809163230098,4.993111796516388,52.65822784810129
2616,f1_esp,2.873942616700583,-16.275711695077355,4.108809163230098,4.993111796516388,52.65822784810129
2617,f1_esp,2.873942616700583,-16.275711695077355,4.108809163230098,4.993111796516388,52.65822784810129
2618,f1_esp,2.873942616700583,-16.275711695077355,4.108809163230098,4.993111796516388,52.65822784810129
2619,f1_esp,2.592884015248432,-16.68808611027327,3.95995047750862,4.99570765153229,52.86919831223632
2620,f1_esp,2.592884015248432,-16.68808611027327,3.95995047750862,4.99570765153229,52.86919831223632
2621,f1_esp,2.592884015248432,-16.68808611027327,3.95995047750862,4.99570765153229,52.86919831223632
2622,f1_esp,2.592884015248432,-16.68808611027327,3.95995047750862,4.99570765153229,52.86919831223632
2623,f1_esp,2.592884015248432,-16.68808611027327,3.95995047750862,4.99570765153229,52.86919831223632
2624,f1_esp,2.592884015248432,-16.68808611027327,3.95995047750862,4.99570765153229,52.86919831223632
2625,f1_esp,2.592884015248432,-16.68808611027327,3.95995047750862,4.99570765153229,52.86919831223632
2626,f1_esp,2.592884015248432,-16.68808611027327,3.95995047750862,4.99570765153229,52.86919831223632
2627,f1_esp,2.592884015248432,-16.68808611027327,3.95995047750862,4.99570765153229,52.86919831223632
2628,f1_esp,2.592884015248432,-16.68808611027327,3.95995047750862,4.99570765153229,52.86919831223632
2629,f1_esp,2.2799439712687457,-17.077569767943448,4.0224630849603376,4.997331652327801,53.08016877637134
2630,f1_esp,2.2799439712687457,-17.077569767943448,4.0224630849603376,4.997331652327801,53.08016877637134
2631,f1_esp,2.2799439712687457,-17.077569767943448,4.0224630849603376,4.997331652327801,53.08016877637134
2632,f1_esp,2.2799439712687457,-17.077569767943448,4.0224630849603376,4.997331652327801,53.08016877637134
2633,f1_esp,2.2799439712687457,-17.077569767943448,4.0224630849603376,4.997331652327801,53.08016877637134
2634,f1_esp,2.2799439712687457,-17.077569767943448,4.0224630849603376,4.997331652327801,53.08016877637134
2635,f1_esp,2.2799439712687457,-17.077569767943448,4.0224630849603376,4.997331652327801,53.08016877637134
2636,f1_esp,2.2799439712687457,-17.077569767943448,4.0224630849603376,4.997331652327801,53.08016877637134
2637,f1_esp,2.2799439712687457,-17.077569767943448,4.0224630849603376,4.997331652327801,53.08016877637134
2638,f1_esp,2.2799439712687457,-17.077569767943448,4.0224630849603376,4.997331652327801,53.08016877637134
2639,f1_esp,1.9652028303687756,-17.465780795556928,4.056912719375221,4.998281192288249,53.29113924050636
2640,f1_esp,1.9652028303687756,-17.465780795556928,4.056912719375221,4.998281192288249,53.29113924050636
2641,f1_esp,1.9652028303687756,-17.465780795556928,4.056912719375221,4.998281192288249,53.29113924050636
2642,f1_esp,1.9652028303687756,-17.465780795556928,4.056912719375221,4.998281192288249,53.29113924050636
2643,f1_esp,1.9652028303687756,-17.465780795556928,4.056912719375221,4.998281192288249,53.29113924050636
2644,f1_esp,1.9652028303687756,-17.465780795556928,4.056912719375221,4.998281192288249,53.29113924050636
2645,f1_esp,1.9652028303687756,-17.465780795556928,4.056912719375221,4.998281192288249,53.29113924050636
2646,f1_esp,1.9652028303687756,-17.465780795556928,4.056912719375221,4.998281192288249,53.29113924050636
2647,f1_esp,1.9652028303687756,-17.465780795556928,4.056912719375221,4.998281192288249,53.29113924050636
2648,f1_esp,1.9652028303687756,-17.465780795556928,4.056912719375221,4.998281192288249,53.29113924050636
2649,f1_esp,1.6604938169263896,-17.862010742710233,4.070605607021723,4.998730265859906,53.50210970464138
2650,f1_esp,1.6604938169263896,-17.862010742710233,4.070605607021723,4.998730265859906,53.50210970464138
2651,f1_esp,1.6604938169263896,-17.862010742710233,4.070605607021723,4.998730265859906,53.50210970464138
2652,f1_esp,1.6604938169263896,-17.862010742710233,4.070605607021723,4.998730265859906,53.50210970464138
2653,f1_esp,1.6604938169263896,-17.862010742710233,4.070605607021723,4.998730265859906,53.50210970464138
2654,f1_esp,1.6604938169263896,-17.862010742710233,4.070605607021723,4.998730265859906,53.50210970464138
2655,f1_esp,1.6604938169263896,-17.862010742710233,4.070605607021723,4.998730265859906,53.50210970464138
2656,f1_esp,1.6604938169263896,-17.862010742710233,4.070605607021723,4.998730265859906,53.50210970464138
2657,f1_esp,1.6604938169263896,-17.862010742710233,4.070605607021723,4.998730265859906,53.50210970464138
2658,f1_esp,1.6604938169263896,-17.862010742710233,4.070605607021723,4.998730265859906,53.50210970464138
2659,f1_esp,1.3426866949881524,-18.247693575126483,3.9253384767858357,4.998740485537182,53.71308016877639
2660,f1_esp,1.3426866949881524,-18.247693575126483,3.9253384767858357,4.998740485537182,53.71308016877639
2661,f1_esp,1.3426866949881524,-18.247693575126483,3.9253384767858357,4.998740485537182,53.71308016877639
2662,f1_esp,1.3426866949881524,-18.247693575126483,3.9253384767858357,4.998740485537182,53.71308016877639
2663,f1_esp,1.3426866949881524,-18.247693575126483,3.9253384767858357,4.998740485537182,53.71308016877639
2664,f1_esp,1.3426866949881524,-18.247693575126483,3.9253384767858357,4.998740485537182,53.71308016877639
2665,f1_esp,1.3426866949881524,-18.247693575126483,3.9253384767858357,4.998740485537182,53.71308016877639
2666,f1_esp,1.3426866949881524,-18.247693575126483,3.9253384767858357,4.998740485537182,53.71308016877639
2667,f1_esp,1.3426866949881524,-18.247693575126483,3.9253384767858357,4.998740485537182,53.71308016877639
2668,f1_esp,1.3426866949881524,-18.247693575126483,3.9253384767858357,4.998740485537182,53.71308016877639
2669,f1_esp,0.9848277587234601,-18.59613289851869,3.7533080936298875,4.998857441795225,53.881856540084414
2670,f1_esp,0.9848277587234601,-18.59613289851869,3.7533080936298875,4.998857441795225,53.881856540084414
2671,f1_esp,0.9848277587234601,-18.59613289851869,3.7533080936298875,4.998857441795225,53.881856540084414
2672,f1_esp,0.9848277587234601,-18.59613289851869,3.7533080936298875,4.998857441795225,53.881856540084414
2673,f1_esp,0.9848277587234601,-18.59613289851869,3.7533080936298875,4.998857441795225,53.881856540084414
2674,f1_esp,0.9848277587234601,-18.59613289851869,3.7533080936298875,4.998857441795225,53.881856540084414
2675,f1_esp,0.9848277587234601,-18.59613289851869,3.7533080936298875,4.998857441795225,53.881856540084414
2676,f1_esp,0.9848277587234601,-18.59613289851869,3.7533080936298875,4.998857441795225,53.881856540084414
2677,f1_esp,0.9848277587234601,-18.59613289851869,3.7533080936298875,4.998857441795225,53.881856540084414
2678,f1_esp,0.9848277587234601,-18.59613289851869,3.7533080936298875,4.998857441795225,53.881856540084414
2679,f1_esp,0.5825617292037124,-18.892325781853195,3.649973061634296,4.9984902309304005,54.092827004219444
2680,f1_esp,0.5825617292037124,-18.892325781853195,3.649973061634296,4.9984902309304005,54.092827004219444
2681,f1_esp,0.5825617292037124,-18.892325781853195,3.649973061634296,4.9984902309304005,54.092827004219444
2682,f1_esp,0.5825617292037124,-18.892325781853195,3.649973061634296,4.9984902309304005,54.092827004219444
2683,f1_esp,0.5825617292037124,-18.892325781853195,3.649973061634296,4.9984902309304005,54.092827004219444
2684,f1_esp,0.5825617292037124,-18.892325781853195,3.649973061634296,4.9984902309304005,54.092827004219444
2685,f1_esp,0.5825617292037124,-18.892325781853195,3.649973061634296,4.9984902309304005,54.092827004219444
2686,f1_esp,0.5825617292037124,-18.892325781853195,3.649973061634296,4.9984902309304005,54.092827004219444
2687,f1_esp,0.5825617292037124,-18.892325781853195,3.649973061634296,4.9984902309304005,54.092827004219444
2688,f1_esp,0.5825617292037124,-18.892325781853195,3.649973061634296,4.9984902309304005,54.092827004219444
2689,f1_esp,0.15291705696089933,-19.14745064627252,3.592198625319404,4.9977740271499735,54.30379746835447
2690,f1_esp,0.15291705696089933,-19.14745064627252,3.592198625319404,4.9977740271499735,54.30379746835447
2691,f1_esp,0.15291705696089933,-19.14745064627252,3.592198625319404,4.9977740271499735,54.30379746835447
2692,f1_esp,0.15291705696089933,-19.14745064627252,3.592198625319404,4.9977740271499735,54.30379746835447
2693,f1_esp,0.15291705696089933,-19.14745064627252,3.592198625319404,4.9977740271499735,54.30379746835447
2694,f1_esp,0.15291705696089933,-19.14745064627252,3.592198625319404,4.9977740271499735,54.30379746835447
2695,f1_esp,0.15291705696089933,-19.14745064627252,3.592198625319404,4.9977740271499735,54.30379746835447
2696,f1_esp,0.15291705696089933,-19.14745064627252,3.592198625319404,4.9977740271499735,54.30379746835447
2697,f1_esp,0.15291705696089933,-19.14745064627252,3.592198625319404,4.9977740271499735,54.30379746835447
2698,f1_esp,0.15291705696089933,-19.14745064627252,3.592198625319404,4.9977740271499735,54.30379746835447
2699,f1_esp,-0.2932939741790144,-19.37210166848884,3.5270488098247186,4.995926497160996,54.47257383966249
2700,f1_esp,-0.2932939741790144,-19.37210166848884,3.5270488098247186,4.995926497160996,54.47257383966249
2701,f1_esp,-0.2932939741790144,-19.37210166848884,3.5270488098247186,4.995926497160996,54.47257383966249
2702,f1_esp,-0.2932939741790144,-19.37210166848884,3.5270488098247186,4.995926497160996,54.47257383966249
2703,f1_esp,-0.2932939741790144,-19.37210166848884,3.5270488098247186,4.995926497160996,54.47257383966249
2704,f1_esp,-0.2932939741790144,-19.37210166848884,3.5270488098247186,4.995926497160996,54.47257383966249
2705,f1_esp,-0.2932939741790144,-19.37210166848884,3.5270488098247186,4.995926497160996,54.47257383966249
2706,f1_esp,-0.2932939741790144,-19.37210166848884,3.5270488098247186,4.995926497160996,54.47257383966249
2707,f1_esp,-0.2932939741790144,-19.37210166848884,3.5270488098247186,4.995926497160996,54.47257383966249
2708,f1_esp,-0.2932939741790144,-19.37210166848884,3.5270488098247186,4.995926497160996,54.47257383966249
2709,f1_esp,-0.7555817556161404,-19.560446075909876,3.429049007045718,4.9922649987907155,54.683544303797504
2710,f1_esp,-0.7555817556161404,-19.560446075909876,3.429049007045718,4.9922649987907155,54.683544303797504
2711,f1_esp,-0.7555817556161404,-19.560446075909876,3.429049007045718,4.9922649987907155,54.683544303797504
2712,f1_esp,-0.7555817556161404,-19.560446075909876,3.429049007045718,4.9922649987907155,54.683544303797504
2713,f1_esp,-0.7555817556161404,-19.560446075909876,3.429049007045718,4.9922649987907155,54.683544303797504
2714,f1_esp,-0.7555817556161404,-19.560446075909876,3.429049007045718,4.9922649987907155,54.683544303797504
2715,f1_esp,-0.7555817556161404,-19.560446075909876,3.429049007045718,4.9922649987907155,54.683544303797504
2716,f1_esp,-0.7555817556161404,-19.560446075909876,3.429049007045718,4.9922649987907155,54.683544303797504
2717,f1_esp,-0.7555817556161404,-19.560446075909876,3.429049007045718,4.9922649987907155,54.683544303797504
2718,f1_esp,-0.7555817556161404,-19.560446075909876,3.429049007045718,4.9922649987907155,54.683544303797504
2719,f1_esp,-1.234175526897736,-19.700524804623342,3.312835132295918,4.987228460561143,54.89451476793252
2720,f1_esp,-1.234175526897736,-19.700524804623342,3.312835132295918,4.987228460561143,54.89451476793252
2721,f1_esp,-1.234175526897736,-19.700524804623342,3.312835132295918,4.987228460561143,54.89451476793252
2722,f1_esp,-1.234175526897736,-19.700524804623342,3.312835132295918,4.987228460561143,54.89451476793252
2723,f1_esp,-1.234175526897736,-19.700524804623342,3.312835132295918,4.987228460561143,54.89451476793252
2724,f1_esp,-1.234175526897736,-19.700524804623342,3.312835132295918,4.987228460561143,54.89451476793252
2725,f1_esp,-1.234175526897736,-19.700524804623342,3.312835132295918,4.987228460561143,54.89451476793252
2726,f1_esp,-1.234175526897736,-19.700524804623342,3.312835132295918,4.987228460561143,54.89451476793252
2727,f1_esp,-1.234175526897736,-19.700524804623342,3.312835132295918,4.987228460561143,54.89451476793252
2728,f1_esp,-1.234175526897736,-19.700524804623342,3.312835132295918,4.987228460561143,54.89451476793252
2729,f1_esp,-1.7243163876611052,-19.792622923029423,3.225116310005753,4.989988711587955,55.06329113924055
2730,f1_esp,-1.7243163876611052,-19.792622923029423,3.225116310005753,4.989988711587955,55.06329113924055
2731,f1_esp,-1.7243163876611052,-19.792622923029423,3.225116310005753,4.989988711587955,55.06329113924055
2732,f1_esp,-1.7243163876611052,-19.792622923029423,3.225116310005753,4.989988711587955,55.06329113924055
2733,f1_esp,-1.7243163876611052,-19.792622923029423,3.225116310005753,4.989988711587955,55.06329113924055
2734,f1_esp,-1.7243163876611052,-19.792622923029423,3.225116310005753,4.989988711587955,55.06329113924055
2735,f1_esp,-1.7243163876611052,-19.792622923029423,3.225116310005753,4.989988711587955,55.06329113924055
2736,f1_esp,-1.7243163876611052,-19.792622923029423,3.225116310005753,4.989988711587955,55.06329113924055
2737,f1_esp,-1.7243163876611052,-19.792622923029423,3.225116310005753,4.989988711587955,55.06329113924055
2738,f1_esp,-1.7243163876611052,-19.792622923029423,3.225116310005753,4.989988711587955,55.06329113924055
2739,f1_esp,-2.2201597055255378,-19.849594776117254,3.1938743518747126,4.993408562069034,55.274261603375564
2740,f1_esp,-2.2201597055255378,-19.849594776117254,3.1938743518747126,4.993408562069034,55.274261603375564
2741,f1_esp,-2.2201597055255378,-19.849594776117254,3.1938743518747126,4.993408562069034,55.274261603375564
2742,f1_esp,-2.2201597055255378,-19.849594776117254,3.1938743518747126,4.993408562069034,55.274261603375564
2743,f1_esp,-2.2201597055255378,-19.849594776117254,3.1938743518747126,4.993408562069034,55.274261603375564
2744,f1_esp,-2.2201597055255378,-19.849594776117254,3.1938743518747126,4.993408562069034,55.274261603375564
2745,f1_esp,-2.2201597055255378,-19.849594776117254,3.1938743518747126,4.993408562069034,55.274261603375564
2746,f1_esp,-2.2201597055255378,-19.849594776117254,3.1938743518747126,4.993408562069034,55.274261603375564
2747,f1_esp,-2.2201597055255378,-19.849594776117254,3.1938743518747126,4.993408562069034,55.274261603375564
2748,f1_esp,-2.2201597055255378,-19.849594776117254,3.1938743518747126,4.993408562069034,55.274261603375564
2749,f1_esp,-2.7181710036470057,-19.887009940857666,3.1868142694288797,4.99547677517422,55.443037974683584
2750,f1_esp,-2.7181710036470057,-19.887009940857666,3.1868142694288797,4.99547677517422,55.443037974683584
2751,f1_esp,-2.7181710036470057,-19.887009940857666,3.1868142694288797,4.99547677517422,55.443037974683584
2752,f1_esp,-2.7181710036470057,-19.887009940857666,3.1868142694288797,4.99547677517422,55.443037974683584
2753,f1_esp,-2.7181710036470057,-19.887009940857666,3.1868142694288797,4.99547677517422,55.443037974683584
2754,f1_esp,-2.7181710036470057,-19.887009940857666,3.1868142694288797,4.99547677517422,55.443037974683584
2755,f1_esp,-2.7181710036470057,-19.887009940857666,3.1868142694288797,4.99547677517422,55.443037974683584
2756,f1_esp,-2.7181710036470057,-19.887009940857666,3.1868142694288797,4.99547677517422,55.443037974683584
2757,f1_esp,-2.7181710036470057,-19.887009940857666,3.1868142694288797,4.99547677517422,55.443037974683584
2758,f1_esp,-2.7181710036470057,-19.887009940857666,3.1868142694288797,4.99547677517422,55.443037974683584
2759,f1_esp,-3.2174907307375364,-19.892189347723274,3.0356871698763244,4.995983665764102,55.6540084388186
2760,f1_esp,-3.2174907307375364,-19.892189347723274,3.0356871698763244,4.995983665764102,55.6540084388186
2761,f1_esp,-3.2174907307375364,-19.892189347723274,3.0356871698763244,4.995983665764102,55.6540084388186
2762,f1_esp,-3.2174907307375364,-19.892189347723274,3.0356871698763244,4.995983665764102,55.6540084388186
2763,f1_esp,-3.2174907307375364,-19.892189347723274,3.0356871698763244,4.995983665764102,55.6540084388186
2764,f1_esp,-3.2174907307375364,-19.892189347723274,3.0356871698763244,4.995983665764102,55.6540084388186
2765,f1_esp,-3.2174907307375364,-19.892189347723274,3.0356871698763244,4.995983665764102,55.6540084388186
2766,f1_esp,-3.2174907307375364,-19.892189347723274,3.0356871698763244,4.995983665764102,55.6540084388186
2767,f1_esp,-3.2174907307375364,-19.892189347723274,3.0356871698763244,4.995983665764102,55.6540084388186
2768,f1_esp,-3.2174907307375364,-19.892189347723274,3.0356871698763244,4.995983665764102,55.6540084388186
2769,f1_esp,-3.7119369684805434,-19.829881924858984,2.8552472432122427,4.981601582243941,55.864978902953624
2770,f1_esp,-3.7119369684805434,-19.829881924858984,2.8552472432122427,4.981601582243941,55.864978902953624
2771,f1_esp,-3.7119369684805434,-19.829881924858984,2.8552472432122427,4.981601582243941,55.864978902953624
2772,f1_esp,-3.7119369684805434,-19.829881924858984,2.8552472432122427,4.981601582243941,55.864978902953624
2773,f1_esp,-3.7119369684805434,-19.829881924858984,2.8552472432122427,4.981601582243941,55.864978902953624
2774,f1_esp,-3.7119369684805434,-19.829881924858984,2.8552472432122427,4.981601582243941,55.864978902953624
2775,f1_esp,-3.7119369684805434,-19.829881924858984,2.8552472432122427,4.981601582243941,55.864978902953624
2776,f1_esp,-3.7119369684805434,-19.829881924858984,2.8552472432122427,4.981601582243941,55.864978902953624
2777,f1_esp,-3.7119369684805434,-19.829881924858984,2.8552472432122427,4.981601582243941,55.864978902953624
2778,f1_esp,-3.7119369684805434,-19.829881924858984,2.8552472432122427,4.981601582243941,55.864978902953624
2779,f1_esp,-4.197542939231435,-19.72115968094803,2.8577510841788003,4.974419170749747,56.033755274261644
2780,f1_esp,-4.197542939231435,-19.72115968094803,2.8577510841788003,4.974419170749747,56.033755274261644
2781,f1_esp,-4.197542939231435,-19.72115968094803,2.8577510841788003,4.974419170749747,56.033755274261644
2782,f1_esp,-4.197542939231435,-19.72115968094803,2.8577510841788003,4.974419170749747,56.033755274261644
2783,f1_esp,-4.197542939231435,-19.72115968094803,2.8577510841788003,4.974419170749747,56.033755274261644
2784,f1_esp,-4.197542939231435,-19.72115968094803,2.8577510841788003,4.974419170749747,56.033755274261644
2785,f1_esp,-4.197542939231435,-19.72115968094803,2.8577510841788003,4.974419170749747,56.033755274261644
2786,f1_esp,-4.197542939231435,-19.72115968094803,2.8577510841788003,4.974419170749747,56.033755274261644
2787,f1_esp,-4.197542939231435,-19.72115968094803,2.8577510841788003,4.974419170749747,56.033755274261644
2788,f1_esp,-4.197542939231435,-19.72115968094803,2.8577510841788003,4.974419170749747,56.033755274261644
2789,f1_esp,-4.672351704591705,-19.59528626464703,2.8699281969907915,4.87275775703018,56.24472573839666
2790,f1_esp,-4.672351704591705,-19.59528626464703,2.8699281969907915,4.87275775703018,56.24472573839666
2791,f1_esp,-4.672351704591705,-19.59528626464703,2.8699281969907915,4.87275775703018,56.24472573839666
2792,f1_esp,-4.672351704591705,-19.59528626464703,2.8699281969907915,4.87275775703018,56.24472573839666
2793,f1_esp,-4.672351704591705,-19.59528626464703,2.8699281969907915,4.87275775703018,56.24472573839666
2794,f1_esp,-4.672351704591705,-19.59528626464703,2.8699281969907915,4.87275775703018,56.24472573839666
2795,f1_esp,-4.672351704591705,-19.59528626464703,2.8699281969907915,4.87275775703018,56.24472573839666
2796,f1_esp,-4.672351704591705,-19.59528626464703,2.8699281969907915,4.87275775703018,56.24472573839666
2797,f1_esp,-4.672351704591705,-19.59528626464703,2.8699281969907915,4.87275775703018,56.24472573839666
2798,f1_esp,-4.672351704591705,-19.59528626464703,2.8699281969907915,4.87275775703018,56.24472573839666
2799,f1_esp,-5.102559782760156,-19.468392455027633,2.784717326613325,4.1658054792790935,56.41350210970468
2800,f1_esp,-5.102559782760156,-19.468392455027633,2.784717326613325,4.1658054792790935,56.41350210970468
2801,f1_esp,-5.102559782760156,-19.468392455027633,2.784717326613325,4.1658054792790935,56.41350210970468
2802,f1_esp,-5.102559782760156,-19.468392455027633,2.784717326613325,4.1658054792790935,56.41350210970468
2803,f1_esp,-5.102559782760156,-19.468392455027633,2.784717326613325,4.1658054792790935,56.41350210970468
2804,f1_esp,-5.102559782760156,-19.468392455027633,2.784717326613325,4.1658054792790935,56.41350210970468
2805,f1_esp,-5.102559782760156,-19.468392455027633,2.784717326613325,4.1658054792790935,56.41350210970468
2806,f1_esp,-5.102559782760156,-19.468392455027633,2.784717326613325,4.1658054792790935,56.41350210970468
2807,f1_esp,-5.102559782760156,-19.468392455027633,2.784717326613325,4.1658054792790935,56.41350210970468
2808,f1_esp,-5.102559782760156,-19.468392455027633,2.784717326613325,4.1658054792790935,56.41350210970468
2809,f1_esp,-5.474872207572086,-19.298338714939707,2.5017010830446043,4.056113203507701,56.58227848101271
2810,f1_esp,-5.474872207572086,-19.298338714939707,2.5017010830446043,4.056113203507701,56.58227848101271
2811,f1_esp,-5.474872207572086,-19.298338714939707,2.5017010830446043,4.056113203507701,56.58227848101271
2812,f1_esp,-5.474872207572086,-19.298338714939707,2.5017010830446043,4.056113203507701,56.58227848101271
2813,f1_esp,-5.474872207572086,-19.298338714939707,2.5017010830446043,4.056113203507701,56.58227848101271
2814,f1_esp,-5.474872207572086,-19.298338714939707,2.5017010830446043,4.056113203507701,56.58227848101271
2815,f1_esp,-5.474872207572086,-19.298338714939707,2.5017010830446043,4.056113203507701,56.58227848101271
2816,f1_esp,-5.474872207572086,-19.298338714939707,2.5017010830446043,4.056113203507701,56.58227848101271
2817,f1_esp,-5.474872207572086,-19.298338714939707,2.5017010830446043,4.056113203507701,56.58227848101271
2818,f1_esp,-5.474872207572086,-19.298338714939707,2.5017010830446043,4.056113203507701,56.58227848101271
2819,f1_esp,-5.816368204426868,-19.04885520413114,2.3796653695217502,4.419325015218817,56.75105485232073
2820,f1_esp,-5.816368204426868,-19.04885520413114,2.3796653695217502,4.419325015218817,56.75105485232073
2821,f1_esp,-5.816368204426868,-19.04885520413114,2.3796653695217502,4.419325015218817,56.75105485232073
2822,f1_esp,-5.816368204426868,-19.04885520413114,2.3796653695217502,4.419325015218817,56.75105485232073
2823,f1_esp,-5.816368204426868,-19.04885520413114,2.3796653695217502,4.419325015218817,56.75105485232073
2824,f1_esp,-5.816368204426868,-19.04885520413114,2.3796653695217502,4.419325015218817,56.75105485232073
2825,f1_esp,-5.816368204426868,-19.04885520413114,2.3796653695217502,4.419325015218817,56.75105485232073
2826,f1_esp,-5.816368204426868,-19.04885520413114,2.3796653695217502,4.419325015218817,56.75105485232073
2827,f1_esp,-5.816368204426868,-19.04885520413114,2.3796653695217502,4.419325015218817,56.75105485232073
2828,f1_esp,-5.816368204426868,-19.04885520413114,2.3796653695217502,4.419325015218817,56.75105485232073
2829,f1_esp,-6.165195667666237,-18.760502052179454,2.494127332297162,4.636971476132901,56.91983122362875
2830,f1_esp,-6.165195667666237,-18.760502052179454,2.494127332297162,4.636971476132901,56.91983122362875
2831,f1_esp,-6.165195667666237,-18.760502052179454,2.494127332297162,4.636971476132901,56.91983122362875
2832,f1_esp,-6.165195667666237,-18.760502052179454,2.494127332297162,4.636971476132901,56.91983122362875
2833,f1_esp,-6.165195667666237,-18.760502052179454,2.494127332297162,4.636971476132901,56.91983122362875
2834,f1_esp,-6.165195667666237,-18.760502052179454,2.494127332297162,4.636971476132901,56.91983122362875
2835,f1_esp,-6.165195667666237,-18.760502052179454,2.494127332297162,4.636971476132901,56.91983122362875
2836,f1_esp,-6.165195667666237,-18.760502052179454,2.494127332297162,4.636971476132901,56.91983122362875
2837,f1_esp,-6.165195667666237,-18.760502052179454,2.494127332297162,4.636971476132901,56.91983122362875
2838,f1_esp,-6.165195667666237,-18.760502052179454,2.494127332297162,4.636971476132901,56.91983122362875
2839,f1_esp,-6.546595523100511,-18.485209601069727,2.607682983841727,4.776148503388827,57.130801687763764
2840,f1_esp,-6.546595523100511,-18.485209601069727,2.607682983841727,4.776148503388827,57.130801687763764
2841,f1_esp,-6.546595523100511,-18.485209601069727,2.607682983841727,4.776148503388827,57.130801687763764
2842,f1_esp,-6.546595523100511,-18.485209601069727,2.607682983841727,4.776148503388827,57.130801687763764
2843,f1_esp,-6.546595523100511,-18.485209601069727,2.607682983841727,4.776148503388827,57.130801687763764
2844,f1_esp,-6.546595523100511,-18.485209601069727,2.607682983841727,4.776148503388827,57.130801687763764
2845,f1_esp,-6.546595523100511,-18.485209601069727,2.607682983841727,4.776148503388827,57.130801687763764
2846,f1_esp,-6.546595523100511,-18.485209601069727,2.607682983841727,4.776148503388827,57.130801687763764
2847,f1_esp,-6.546595523100511,-18.485209601069727,2.607682983841727,4.776148503388827,57.130801687763764
2848,f1_esp,-6.546595523100511,-18.485209601069727,2.607682983841727,4.776148503388827,57.130801687763764
2849,f1_esp,-6.9589614528293495,-18.236905641158117,2.675690850718412,4.854724321525768,57.34177215189879
2850,f1_esp,-6.9589614528293495,-18.236905641158117,2.675690850718412,4.854724321525768,57.34177215189879
2851,f1_esp,-6.9589614528293495,-18.236905641158117,2.675690850718412,4.854724321525768,57.34177215189879
2852,f1_esp,-6.9589614528293495,-18.236905641158117,2.675690850718412,4.854724321525768,57.34177215189879
2853,f1_esp,-6.9589614528293495,-18.236905641158117,2.675690850718412,4.854724321525768,57.34177215189879
2854,f1_esp,-6.9589614528293495,-18.236905641158117,2.675690850718412,4.854724321525768,57.34177215189879
2855,f1_esp,-6.9589614528293495,-18.236905641158117,2.675690850718412,4.854724321525768,57.34177215189879
2856,f1_esp,-6.9589614528293495,-18.236905641158117,2.675690850718412,4.854724321525768,57.34177215189879
2857,f1_esp,-6.9589614528293495,-18.236905641158117,2.675690850718412,4.854724321525768,57.34177215189879
2858,f1_esp,-6.9589614528293495,-18.236905641158117,2.675690850718412,4.854724321525768,57.34177215189879
2859,f1_esp,-7.387209682839008,-18.002561816116916,2.6236367478004654,4.910114308791716,57.552742616033804
2860,f1_esp,-7.387209682839008,-18.002561816116916,2.6236367478004654,4.910114308791716,57.552742616033804
2861,f1_esp,-7.387209682839008,-18.002561816116916,2.6236367478004654,4.910114308791716,57.552742616033804
2862,f1_esp,-7.387209682839008,-18.002561816116916,2.6236367478004654,4.910114308791716,57.552742616033804
2863,f1_esp,-7.387209682839008,-18.002561816116916,2.6236367478004654,4.910114308791716,57.552742616033804
2864,f1_esp,-7.387209682839008,-18.002561816116916,2.6236367478004654,4.910114308791716,57.552742616033804
2865,f1_esp,-7.387209682839008,-18.002561816116916,2.6236367478004654,4.910114308791716,57.552742616033804
2866,f1_esp,-7.387209682839008,-18.002561816116916,2.6236367478004654,4.910114308791716,57.552742616033804
2867,f1_esp,-7.387209682839008,-18.002561816116916,2.6236367478004654,4.910114308791716,57.552742616033804
2868,f1_esp,-7.387209682839008,-18.002561816116916,2.6236367478004654,4.910114308791716,57.552742616033804
2869,f1_esp,-7.804043678629725,-17.740383632623203,2.451905322847512,4.943480493653267,57.76371308016882
2870,f1_esp,-7.804043678629725,-17.740383632623203,2.451905322847512,4.943480493653267,57.76371308016882
2871,f1_esp,-7.804043678629725,-17.740383632623203,2.451905322847512,4.943480493653267,57.76371308016882
2872,f1_esp,-7.804043678629725,-17.740383632623203,2.451905322847512,4.943480493653267,57.76371308016882
2873,f1_esp,-7.804043678629725,-17.740383632623203,2.451905322847512,4.943480493653267,57.76371308016882
2874,f1_esp,-7.804043678629725,-17.740383632623203,2.451905322847512,4.943480493653267,57.76371308016882
2875,f1_esp,-7.804043678629725,-17.740383632623203,2.451905322847512,4.943480493653267,57.76371308016882
2876,f1_esp,-7.804043678629725,-17.740383632623203,2.451905322847512,4.943480493653267,57.76371308016882
2877,f1_esp,-7.804043678629725,-17.740383632623203,2.451905322847512,4.943480493653267,57.76371308016882
2878,f1_esp,-7.804043678629725,-17.740383632623203,2.451905322847512,4.943480493653267,57.76371308016882
2879,f1_esp,-8.191988948524862,-17.432585619618536,2.3605843641600246,4.964810651033458,57.93248945147684
2880,f1_esp,-8.191988948524862,-17.432585619618536,2.3605843641600246,4.964810651033458,57.93248945147684
2881,f1_esp,-8.191988948524862,-17.432585619618536,2.3605843641600246,4.964810651033458,57.93248945147684
2882,f1_esp,-8.191988948524862,-17.432585619618536,2.3605843641600246,4.964810651033458,57.93248945147684
2883,f1_esp,-8.191988948524862,-17.432585619618536,2.3605843641600246,4.964810651033458,57.93248945147684
2884,f1_esp,-8.191988948524862,-17.432585619618536,2.3605843641600246,4.964810651033458,57.93248945147684
2885,f1_esp,-8.191988948524862,-17.432585619618536,2.3605843641600246,4.964810651033458,57.93248945147684
2886,f1_esp,-8.191988948524862,-17.432585619618536,2.3605843641600246,4.964810651033458,57.93248945147684
2887,f1_esp,-8.191988948524862,-17.432585619618536,2.3605843641600246,4.964810651033458,57.93248945147684
2888,f1_esp,-8.191988948524862,-17.432585619618536,2.3605843641600246,4.964810651033458,57.93248945147684
2889,f1_esp,-8.575088532094693,-17.115829610984132,2.521582889172591,4.978363701442256,58.14345991561187
2890,f1_esp,-8.575088532094693,-17.115829610984132,2.521582889172591,4.978363701442256,58.14345991561187
2891,f1_esp,-8.575088532094693,-17.115829610984132,2.521582889172591,4.978363701442256,58.14345991561187
2892,f1_esp,-8.575088532094693,-17.115829610984132,2.521582889172591,4.978363701442256,58.14345991561187
2893,f1_esp,-8.575088532094693,-17.115829610984132,2.521582889172591,4.978363701442256,58.14345991561187
2894,f1_esp,-8.575088532094693,-17.115829610984132,2.521582889172591,4.978363701442256,58.14345991561187
2895,f1_esp,-8.575088532094693,-17.115829610984132,2.521582889172591,4.978363701442256,58.14345991561187
2896,f1_esp,-8.575088532094693,-17.115829610984132,2.521582889172591,4.978363701442256,58.14345991561187
2897,f1_esp,-8.575088532094693,-17.115829610984132,2.521582889172591,4.978363701442256,58.14345991561187
2898,f1_esp,-8.575088532094693,-17.115829610984132,2.521582889172591,4.978363701442256,58.14345991561187
2899,f1_esp,-8.986057021732494,-16.834651416987747,2.6907971155999117,4.986633932138312,58.354430379746894
2900,f1_esp,-8.986057021732494,-16.834651416987747,2.6907971155999117,4.986633932138312,58.354430379746894
2901,f1_esp,-8.986057021732494,-16.834651416987747,2.6907971155999117,4.986633932138312,58.354430379746894
2902,f1_esp,-8.986057021732494,-16.834651416987747,2.6907971155999117,4.986633932138312,58.354430379746894
2903,f1_esp,-8.986057021732494,-16.834651416987747,2.6907971155999117,4.986633932138312,58.354430379746894
2904,f1_esp,-8.986057021732494,-16.834651416987747,2.6907971155999117,4.986633932138312,58.354430379746894
2905,f1_esp,-8.986057021732494,-16.834651416987747,2.6907971155999117,4.986633932138312,58.354430379746894
2906,f1_esp,-8.986057021732494,-16.834651416987747,2.6907971155999117,4.986633932138312,58.354430379746894
2907,f1_esp,-8.986057021732494,-16.834651416987747,2.6907971155999117,4.986633932138312,58.354430379746894
2908,f1_esp,-8.986057021732494,-16.834651416987747,2.6907971155999117,4.986633932138312,58.354430379746894
2909,f1_esp,-9.425082624982005,-16.598003874555566,2.7129219644523714,4.989940918003907,58.56540084388191
2910,f1_esp,-9.425082624982005,-16.598003874555566,2.7129219644523714,4.989940918003907,58.56540084388191
2911,f1_esp,-9.425082624982005,-16.598003874555566,2.7129219644523714,4.989940918003907,58.56540084388191
2912,f1_esp,-9.425082624982005,-16.598003874555566,2.7129219644523714,4.989940918003907,58.56540084388191
2913,f1_esp,-9.425082624982005,-16.598003874555566,2.7129219644523714,4.989940918003907,58.56540084388191
2914,f1_esp,-9.425082624982005,-16.598003874555566,2.7129219644523714,4.989940918003907,58.56540084388191
2915,f1_esp,-9.425082624982005,-16.598003874555566,2.7129219644523714,4.989940918003907,58.56540084388191
2916,f1_esp,-9.425082624982005,-16.598003874555566,2.7129219644523714,4.989940918003907,58.56540084388191
2917,f1_esp,-9.425082624982005,-16.598003874555566,2.7129219644523714,4.989940918003907,58.56540084388191
2918,f1_esp,-9.425082624982005,-16.598003874555566,2.7129219644523714,4.989940918003907,58.56540084388191
2919,f1_esp,-9.86006658827136,-16.353534534005735,2.5077400446508213,4.992526625004791,58.77637130801693
2920,f1_esp,-9.86006658827136,-16.353534534005735,2.5077400446508213,4.992526625004791,58.77637130801693
2921,f1_esp,-9.86006658827136,-16.353534534005735,2.5077400446508213,4.992526625004791,58.77637130801693
2922,f1_esp,-9.86006658827136,-16.353534534005735,2.5077400446508213,4.992526625004791,58.77637130801693
2923,f1_esp,-9.86006658827136,-16.353534534005735,2.5077400446508213,4.992526625004791,58.77637130801693
2924,f1_esp,-9.86006658827136,-16.353534534005735,2.5077400446508213,4.992526625004791,58.77637130801693
2925,f1_esp,-9.86006658827136,-16.353534534005735,2.5077400446508213,4.992526625004791,58.77637130801693
2926,f1_esp,-9.86006658827136,-16.353534534005735,2.5077400446508213,4.992526625004791,58.77637130801693
2927,f1_esp,-9.86006658827136,-16.353534534005735,2.5077400446508213,4.992526625004791,58.77637130801693
2928,f1_esp,-9.86006658827136,-16.353534534005735,2.5077400446508213,4.992526625004791,58.77637130801693
2929,f1_esp,-10.26116804641657,-16.056640508846172,2.3337001535029622,4.995362007021792,58.98734177215195
2930,f1_esp,-10.26116804641657,-16.056640508846172,2.3337001535029622,4.995362007021792,58.98734177215195
2931,f1_esp,-10.26116804641657,-16.056640508846172,2.3337001535029622,4.995362007021792,58.98734177215195
2932,f1_esp,-10.26116804641657,-16.056640508846172,2.3337001535029622,4.995362007021792,58.98734177215195
2933,f1_esp,-10.26116804641657,-16.056640508846172,2.3337001535029622,4.995362007021792,58.98734177215195
2934,f1_esp,-10.26116804641657,-16.056640508846172,2.3337001535029622,4.995362007021792,58.98734177215195
2935,f1_esp,-10.26116804641657,-16.056640508846172,2.3337001535029622,4.995362007021792,58.98734177215195
2936,f1_esp,-10.26116804641657,-16.056640508846172,2.3337001535029622,4.995362007021792,58.98734177215195
2937,f1_esp,-10.26116804641657,-16.056640508846172,2.3337001535029622,4.995362007021792,58.98734177215195
2938,f1_esp,-10.26116804641657,-16.056640508846172,2.3337001535029622,4.995362007021792,58.98734177215195
2939,f1_esp,-10.64077881052901,-15.731825169091135,2.470346379736643,4.997144610303708,59.198312236286974
2940,f1_esp,-10.64077881052901,-15.731825169091135,2.470346379736643,4.997144610303708,59.198312236286974
2941,f1_esp,-10.64077881052901,-15.731825169091135,2.470346379736643,4.997144610303708,59.198312236286974
2942,f1_esp,-10.64077881052901,-15.731825169091135,2.470346379736643,4.997144610303708,59.198312236286974
2943,f1_esp,-10.64077881052901,-15.731825169091135,2.470346379736643,4.997144610303708,59.198312236286974
2944,f1_esp,-10.64077881052901,-15.731825169091135,2.470346379736643,4.997144610303708,59.198312236286974
2945,f1_esp,-10.64077881052901,-15.731825169091135,2.470346379736643,4.997144610303708,59.198312236286974
2946,f1_esp,-10.64077881052901,-15.731825169091135,2.470346379736643,4.997144610303708,59.198312236286974
2947,f1_esp,-10.64077881052901,-15.731825169091135,2.470346379736643,4.997144610303708,59.198312236286974
2948,f1_esp,-10.64077881052901,-15.731825169091135,2.470346379736643,4.997144610303708,59.198312236286974
2949,f1_esp,-11.047404097437669,-15.442009045605417,2.7157821744113706,4.9980445474426975,59.409282700422
2950,f1_esp,-11.047404097437669,-15.442009045605417,2.7157821744113706,4.9980445474426975,59.409282700422
2951,f1_esp,-11.047404097437669,-15.442009045605417,2.7157821744113706,4.9980445474426975,59.409282700422
2952,f1_esp,-11.047404097437669,-15.442009045605417,2.7157821744113706,4.9980445474426975,59.409282700422
2953,f1_esp,-11.047404097437669,-15.442009045605417,2.7157821744113706,4.9980445474426975,59.409282700422
2954,f1_esp,-11.047404097437669,-15.442009045605417,2.7157821744113706,4.9980445474426975,59.409282700422
2955,f1_esp,-11.047404097437669,-15.442009045605417,2.7157821744113706,4.9980445474426975,59.409282700422
2956,f1_esp,-11.047404097437669,-15.442009045605417,2.7157821744113706,4.9980445474426975,59.409282700422
2957,f1_esp,-11.047404097437669,-15.442009045605417,2.7157821744113706,4.9980445474426975,59.409282700422
2958,f1_esp,-11.047404097437669,-15.442009045605417,2.7157821744113706,4.9980445474426975,59.409282700422
2959,f1_esp,-11.492470731872013,-15.217634362031845,2.8199774336877184,4.981625988388026,59.62025316455701
2960,f1_esp,-11.492470731872013,-15.217634362031845,2.8199774336877184,4.981625988388026,59.62025316455701
2961,f1_esp,-11.492470731872013,-15.217634362031845,2.8199774336877184,4.981625988388026,59.62025316455701
2962,f1_esp,-11.492470731872013,-15.217634362031845,2.8199774336877184,4.981625988388026,59.62025316455701
2963,f1_esp,-11.492470731872013,-15.217634362031845,2.8199774336877184,4.981625988388026,59.62025316455701
2964,f1_esp,-11.492470731872013,-15.217634362031845,2.8199774336877184,4.981625988388026,59.62025316455701
2965,f1_esp,-11.492470731872013,-15.217634362031845,2.8199774336877184,4.981625988388026,59.62025316455701
2966,f1_esp,-11.492470731872013,-15.217634362031845,2.8199774336877184,4.981625988388026,59.62025316455701
2967,f1_esp,-11.492470731872013,-15.217634362031845,2.8199774336877184,4.981625988388026,59.62025316455701
2968,f1_esp,-11.492470731872013,-15.217634362031845,2.8199774336877184,4.981625988388026,59.62025316455701
2969,f1_esp,-11.906455271596416,-15.028015537733488,2.638331021596558,4.030625988388022,59.83122362869203
2970,f1_esp,-11.906455271596416,-15.028015537733488,2.638331021596558,4.030625988388022,59.83122362869203
2971,f1_esp,-11.906455271596416,-15.028015537733488,2.638331021596558,4.030625988388022,59.83122362869203
2972,f1_esp,-11.906455271596416,-15.028015537733488,2.638331021596558,4.030625988388022,59.83122362869203
2973,f1_esp,-11.906455271596416,-15.028015537733488,2.638331021596558,4.030625988388022,59.83122362869203
2974,f1_esp,-11.906455271596416,-15.028015537733488,2.638331021596558,4.030625988388022,59.83122362869203
2975,f1_esp,-11.906455271596416,-15.028015537733488,2.638331021596558,4.030625988388022,59.83122362869203
2976,f1_esp,-11.906455271596416,-15.028015537733488,2.638331021596558,4.030625988388022,59.83122362869203
2977,f1_esp,-11.906455271596416,-15.028015537733488,2.638331021596558,4.030625988388022,59.83122362869203
2978,f1_esp,-11.906455271596416,-15.028015537733488,2.638331021596558,4.030625988388022,59.83122362869203
2979,f1_esp,-12.28171294152157,-14.836444364250719,2.639377971270321,4.404321370333489,60.00000000000006
2980,f1_esp,-12.28171294152157,-14.836444364250719,2.639377971270321,4.404321370333489,60.00000000000006
2981,f1_esp,-12.28171294152157,-14.836444364250719,2.639377971270321,4.404321370333489,60.00000000000006
2982,f1_esp,-12.28171294152157,-14.836444364250719,2.639377971270321,4.404321370333489,60.00000000000006
2983,f1_esp,-12.28171294152157,-14.836444364250719,2.639377971270321,4.404321370333489,60.00000000000006
2984,f1_esp,-12.28171294152157,-14.836444364250719,2.639377971270321,4.404321370333489,60.00000000000006
2985,f1_esp,-12.28171294152157,-14.836444364250719,2.639377971270321,4.404321370333489,60.00000000000006
2986,f1_esp,-12.28171294152157,-14.836444364250719,2.639377971270321,4.404321370333489,60.00000000000006
2987,f1_esp,-12.28171294152157,-14.836444364250719,2.639377971270321,4.404321370333489,60.00000000000006
2988,f1_esp,-12.28171294152157,-14.836444364250719,2.639377971270321,4.404321370333489,60.00000000000006
2989,f1_esp,-12.667980090987971,-14.602762316441384,2.501971065438342,4.633311076023534,60.16877637130808
2990,f1_esp,-12.667980090987971,-14.602762316441384,2.501971065438342,4.633311076023534,60.16877637130808
2991,f1_esp,-12.667980090987971,-14.602762316441384,2.501971065438342,4.633311076023534,60.16877637130808
2992,f1_esp,-12.667980090987971,-14.602762316441384,2.501971065438342,4.633311076023534,60.16877637130808
2993,f1_esp,-12.667980090987971,-14.602762316441384,2.501971065438342,4.633311076023534,60.16877637130808
2994,f1_esp,-12.667980090987971,-14.602762316441384,2.501971065438342,4.633311076023534,60.16877637130808
2995,f1_esp,-12.667980090987971,-14.602762316441384,2.501971065438342,4.633311076023534,60.16877637130808
2996,f1_esp,-12.667980090987971,-14.602762316441384,2.501971065438342,4.633311076023534,60.16877637130808
2997,f1_esp,-12.667980090987971,-14.602762316441384,2.501971065438342,4.633311076023534,60.16877637130808
2998,f1_esp,-12.667980090987971,-14.602762316441384,2.501971065438342,4.633311076023534,60.16877637130808
2999,f1_esp,-13.037402460037791,-14.312278938085882,2.3616131281060024,4.774668082378947,60.37974683544309
3000,f1_esp,-13.037402460037791,-14.312278938085882,2.3616131281060024,4.774668082378947,60.37974683544309
3001,f1_esp,-13.037402460037791,-14.312278938085882,2.3616131281060024,4.774668082378947,60.37974683544309
3002,f1_esp,-13.037402460037791,-14.312278938085882,2.3616131281060024,4.774668082378947,60.37974683544309
3003,f1_esp,-13.037402460037791,-14.312278938085882,2.3616131281060024,4.774668082378947,60.37974683544309
3004,f1_esp,-13.037402460037791,-14.312278938085882,2.3616131281060024,4.774668082378947,60.37974683544309
3005,f1_esp,-13.037402460037791,-14.312278938085882,2.3616131281060024,4.774668082378947,60.37974683544309
3006,f1_esp,-13.037402460037791,-14.312278938085882,2.3616131281060024,4.774668082378947,60.37974683544309
3007,f1_esp,-13.037402460037791,-14.312278938085882,2.3616131281060024,4.774668082378947,60.37974683544309
3008,f1_esp,-13.037402460037791,-14.312278938085882,2.3616131281060024,4.774668082378947,60.37974683544309
3009,f1_esp,-13.403988332765124,-13.999830294709186,2.4994274257397957,4.861543978306489,60.59071729957811
3010,f1_esp,-13.403988332765124,-13.999830294709186,2.4994274257397957,4.861543978306489,60.59071729957811
3011,f1_esp,-13.403988332765124,-13.999830294709186,2.4994274257397957,4.861543978306489,60.59071729957811
3012,f1_esp,-13.403988332765124,-13.999830294709186,2.4994274257397957,4.861543978306489,60.59071729957811
3013,f1_esp,-13.403988332765124,-13.999830294709186,2.4994274257397957,4.861543978306489,60.59071729957811
3014,f1_esp,-13.403988332765124,-13.999830294709186,2.4994274257397957,4.861543978306489,60.59071729957811
3015,f1_esp,-13.403988332765124,-13.999830294709186,2.4994274257397957,4.861543978306489,60.59071729957811
3016,f1_esp,-13.403988332765124,-13.999830294709186,2.4994274257397957,4.861543978306489,60.59071729957811
3017,f1_esp,-13.403988332765124,-13.999830294709186,2.4994274257397957,4.861543978306489,60.59071729957811
3018,f1_esp,-13.403988332765124,-13.999830294709186,2.4994274257397957,4.861543978306489,60.59071729957811
3019,f1_esp,-13.806046020694017,-13.722825556809896,2.6951842930358896,4.912488563528989,60.80168776371314
3020,f1_esp,-13.806046020694017,-13.722825556809896,2.6951842930358896,4.912488563528989,60.80168776371314
3021,f1_esp,-13.806046020694017,-13.722825556809896,2.6951842930358896,4.912488563528989,60.80168776371314
3022,f1_esp,-13.806046020694017,-13.722825556809896,2.6951842930358896,4.912488563528989,60.80168776371314
3023,f1_esp,-13.806046020694017,-13.722825556809896,2.6951842930358896,4.912488563528989,60.80168776371314
3024,f1_esp,-13.806046020694017,-13.722825556809896,2.6951842930358896,4.912488563528989,60.80168776371314
3025,f1_esp,-13.806046020694017,-13.722825556809896,2.6951842930358896,4.912488563528989,60.80168776371314
3026,f1_esp,-13.806046020694017,-13.722825556809896,2.6951842930358896,4.912488563528989,60.80168776371314
3027,f1_esp,-13.806046020694017,-13.722825556809896,2.6951842930358896,4.912488563528989,60.80168776371314
3028,f1_esp,-13.806046020694017,-13.722825556809896,2.6951842930358896,4.912488563528989,60.80168776371314
3029,f1_esp,-14.23630518598025,-13.507224755598587,2.825196715942061,4.754875518598348,60.97046413502115
3030,f1_esp,-14.23630518598025,-13.507224755598587,2.825196715942061,4.754875518598348,60.97046413502115
3031,f1_esp,-14.23630518598025,-13.507224755598587,2.825196715942061,4.754875518598348,60.97046413502115
3032,f1_esp,-14.23630518598025,-13.507224755598587,2.825196715942061,4.754875518598348,60.97046413502115
3033,f1_esp,-14.23630518598025,-13.507224755598587,2.825196715942061,4.754875518598348,60.97046413502115
3034,f1_esp,-14.23630518598025,-13.507224755598587,2.825196715942061,4.754875518598348,60.97046413502115
3035,f1_esp,-14.23630518598025,-13.507224755598587,2.825196715942061,4.754875518598348,60.97046413502115
3036,f1_esp,-14.23630518598025,-13.507224755598587,2.825196715942061,4.754875518598348,60.97046413502115
3037,f1_esp,-14.23630518598025,-13.507224755598587,2.825196715942061,4.754875518598348,60.97046413502115
3038,f1_esp,-14.23630518598025,-13.507224755598587,2.825196715942061,4.754875518598348,60.97046413502115
3039,f1_esp,-14.634811247006233,-13.338739688738196,2.7884092603995985,3.803875518598345,61.181434599156184
3040,f1_esp,-14.634811247006233,-13.338739688738196,2.7884092603995985,3.803875518598345,61.181434599156184
3041,f1_esp,-14.634811247006233,-13.338739688738196,2.7884092603995985,3.803875518598345,61.181434599156184
3042,f1_esp,-14.634811247006233,-13.338739688738196,2.7884092603995985,3.803875518598345,61.181434599156184
3043,f1_esp,-14.634811247006233,-13.338739688738196,2.7884092603995985,3.803875518598345,61.181434599156184
3044,f1_esp,-14.634811247006233,-13.338739688738196,2.7884092603995985,3.803875518598345,61.181434599156184
3045,f1_esp,-14.634811247006233,-13.338739688738196,2.7884092603995985,3.803875518598345,61.181434599156184
3046,f1_esp,-14.634811247006233,-13.338739688738196,2.7884092603995985,3.803875518598345,61.181434599156184
3047,f1_esp,-14.634811247006233,-13.338739688738196,2.7884092603995985,3.803875518598345,61.181434599156184
3048,f1_esp,-14.634811247006233,-13.338739688738196,2.7884092603995985,3.803875518598345,61.181434599156184
3049,f1_esp,-14.95954726191575,-13.221814050199336,2.842082434509468,3.193888459577502,61.30801687763719
3050,f1_esp,-14.95954726191575,-13.221814050199336,2.842082434509468,3.193888459577502,61.30801687763719
3051,f1_esp,-14.95954726191575,-13.221814050199336,2.842082434509468,3.193888459577502,61.30801687763719
3052,f1_esp,-14.95954726191575,-13.221814050199336,2.842082434509468,3.193888459577502,61.30801687763719
3053,f1_esp,-14.95954726191575,-13.221814050199336,2.842082434509468,3.193888459577502,61.30801687763719
3054,f1_esp,-14.95954726191575,-13.221814050199336,2.842082434509468,3.193888459577502,61.30801687763719
3055,f1_esp,-14.95954726191575,-13.221814050199336,2.842082434509468,3.193888459577502,61.30801687763719
3056,f1_esp,-14.95954726191575,-13.221814050199336,2.842082434509468,3.193888459577502,61.30801687763719
3057,f1_esp,-14.95954726191575,-13.221814050199336,2.842082434509468,3.193888459577502,61.30801687763719
3058,f1_esp,-14.95954726191575,-13.221814050199336,2.842082434509468,3.193888459577502,61.30801687763719
3059,f1_esp,-15.277734905130856,-13.118869333858612,2.8223055643968262,3.500894598056289,61.43459915611821
3060,f1_esp,-15.277734905130856,-13.118869333858612,2.8223055643968262,3.500894598056289,61.43459915611821
3061,f1_esp,-15.277734905130856,-13.118869333858612,2.8223055643968262,3.500894598056289,61.43459915611821
3062,f1_esp,-15.277734905130856,-13.118869333858612,2.8223055643968262,3.500894598056289,61.43459915611821
3063,f1_esp,-15.277734905130856,-13.118869333858612,2.8223055643968262,3.500894598056289,61.43459915611821
3064,f1_esp,-15.277734905130856,-13.118869333858612,2.8223055643968262,3.500894598056289,61.43459915611821
3065,f1_esp,-15.277734905130856,-13.118869333858612,2.8223055643968262,3.500894598056289,61.43459915611821
3066,f1_esp,-15.277734905130856,-13.118869333858612,2.8223055643968262,3.500894598056289,61.43459915611821
3067,f1_esp,-15.277734905130856,-13.118869333858612,2.8223055643968262,3.500894598056289,61.43459915611821
3068,f1_esp,-15.277734905130856,-13.118869333858612,2.8223055643968262,3.500894598056289,61.43459915611821
3069,f1_esp,-15.62112376817178,-12.983332534117798,2.7029812021428934,3.893943775728863,61.60337552742623
3070,f1_esp,-15.62112376817178,-12.983332534117798,2.7029812021428934,3.893943775728863,61.60337552742623
3071,f1_esp,-15.62112376817178,-12.983332534117798,2.7029812021428934,3.893943775728863,61.60337552742623
3072,f1_esp,-15.62112376817178,-12.983332534117798,2.7029812021428934,3.893943775728863,61.60337552742623
3073,f1_esp,-15.62112376817178,-12.983332534117798,2.7029812021428934,3.893943775728863,61.60337552742623
3074,f1_esp,-15.62112376817178,-12.983332534117798,2.7029812021428934,3.893943775728863,61.60337552742623
3075,f1_esp,-15.62112376817178,-12.983332534117798,2.7029812021428934,3.893943775728863,61.60337552742623
3076,f1_esp,-15.62112376817178,-12.983332534117798,2.7029812021428934,3.893943775728863,61.60337552742623
3077,f1_esp,-15.62112376817178,-12.983332534117798,2.7029812021428934,3.893943775728863,61.60337552742623
3078,f1_esp,-15.62112376817178,-12.983332534117798,2.7029812021428934,3.893943775728863,61.60337552742623
3079,f1_esp,-15.981272508600812,-12.787773560840694,2.5399367055439286,4.317317314554035,61.77215189873425
3080,f1_esp,-15.981272508600812,-12.787773560840694,2.5399367055439286,4.317317314554035,61.77215189873425
3081,f1_esp,-15.981272508600812,-12.787773560840694,2.5399367055439286,4.317317314554035,61.77215189873425
3082,f1_esp,-15.981272508600812,-12.787773560840694,2.5399367055439286,4.317317314554035,61.77215189873425
3083,f1_esp,-15.981272508600812,-12.787773560840694,2.5399367055439286,4.317317314554035,61.77215189873425
3084,f1_esp,-15.981272508600812,-12.787773560840694,2.5399367055439286,4.317317314554035,61.77215189873425
3085,f1_esp,-15.981272508600812,-12.787773560840694,2.5399367055439286,4.317317314554035,61.77215189873425
3086,f1_esp,-15.981272508600812,-12.787773560840694,2.5399367055439286,4.317317314554035,61.77215189873425
3087,f1_esp,-15.981272508600812,-12.787773560840694,2.5399367055439286,4.317317314554035,61.77215189873425
3088,f1_esp,-15.981272508600812,-12.787773560840694,2.5399367055439286,4.317317314554035,61.77215189873425
3089,f1_esp,-16.338580968003527,-12.523699857321331,2.3787284145468752,4.580587340489085,61.94092827004227
3090,f1_esp,-16.338580968003527,-12.523699857321331,2.3787284145468752,4.580587340489085,61.94092827004227
3091,f1_esp,-16.338580968003527,-12.523699857321331,2.3787284145468752,4.580587340489085,61.94092827004227
3092,f1_esp,-16.338580968003527,-12.523699857321331,2.3787284145468752,4.580587340489085,61.94092827004227
3093,f1_esp,-16.338580968003527,-12.523699857321331,2.3787284145468752,4.580587340489085,61.94092827004227
3094,f1_esp,-16.338580968003527,-12.523699857321331,2.3787284145468752,4.580587340489085,61.94092827004227
3095,f1_esp,-16.338580968003527,-12.523699857321331,2.3787284145468752,4.580587340489085,61.94092827004227
3096,f1_esp,-16.338580968003527,-12.523699857321331,2.3787284145468752,4.580587340489085,61.94092827004227
3097,f1_esp,-16.338580968003527,-12.523699857321331,2.3787284145468752,4.580587340489085,61.94092827004227
3098,f1_esp,-16.338580968003527,-12.523699857321331,2.3787284145468752,4.580587340489085,61.94092827004227
3099,f1_esp,-16.68126679240596,-12.208075786015977,2.339166841468876,4.742304414262257,62.151898734177294
3100,f1_esp,-16.68126679240596,-12.208075786015977,2.339166841468876,4.742304414262257,62.151898734177294
3101,f1_esp,-16.68126679240596,-12.208075786015977,2.339166841468876,4.742304414262257,62.151898734177294
3102,f1_esp,-16.68126679240596,-12.208075786015977,2.339166841468876,4.742304414262257,62.151898734177294
3103,f1_esp,-16.68126679240596,-12.208075786015977,2.339166841468876,4.742304414262257,62.151898734177294
3104,f1_esp,-16.68126679240596,-12.208075786015977,2.339166841468876,4.742304414262257,62.151898734177294
3105,f1_esp,-16.68126679240596,-12.208075786015977,2.339166841468876,4.742304414262257,62.151898734177294
3106,f1_esp,-16.68126679240596,-12.208075786015977,2.339166841468876,4.742304414262257,62.151898734177294
3107,f1_esp,-16.68126679240596,-12.208075786015977,2.339166841468876,4.742304414262257,62.151898734177294
3108,f1_esp,-16.68126679240596,-12.208075786015977,2.339166841468876,4.742304414262257,62.151898734177294
3109,f1_esp,-17.03990654990371,-11.890658244731306,2.5237399093916566,4.841135324804229,62.36286919831231
3110,f1_esp,-17.03990654990371,-11.890658244731306,2.5237399093916566,4.841135324804229,62.36286919831231
3111,f1_esp,-17.03990654990371,-11.890658244731306,2.5237399093916566,4.841135324804229,62.36286919831231
3112,f1_esp,-17.03990654990371,-11.890658244731306,2.5237399093916566,4.841135324804229,62.36286919831231
3113,f1_esp,-17.03990654990371,-11.890658244731306,2.5237399093916566,4.841135324804229,62.36286919831231
3114,f1_esp,-17.03990654990371,-11.890658244731306,2.5237399093916566,4.841135324804229,62.36286919831231
3115,f1_esp,-17.03990654990371,-11.890658244731306,2.5237399093916566,4.841135324804229,62.36286919831231
3116,f1_esp,-17.03990654990371,-11.890658244731306,2.5237399093916566,4.841135324804229,62.36286919831231
3117,f1_esp,-17.03990654990371,-11.890658244731306,2.5237399093916566,4.841135324804229,62.36286919831231
3118,f1_esp,-17.03990654990371,-11.890658244731306,2.5237399093916566,4.841135324804229,62.36286919831231
3119,f1_esp,-17.437880431898897,-11.612042729533904,2.686934612812991,4.882482241932676,62.57383966244734
3120,f1_esp,-17.437880431898897,-11.612042729533904,2.686934612812991,4.882482241932676,62.57383966244734
3121,f1_esp,-17.437880431898897,-11.612042729533904,2.686934612812991,4.882482241932676,62.57383966244734
3122,f1_esp,-17.437880431898897,-11.612042729533904,2.686934612812991,4.882482241932676,62.57383966244734
3123,f1_esp,-17.437880431898897,-11.612042729533904,2.686934612812991,4.882482241932676,62.57383966244734
3124,f1_esp,-17.437880431898897,-11.612042729533904,2.686934612812991,4.882482241932676,62.57383966244734
3125,f1_esp,-17.437880431898897,-11.612042729533904,2.686934612812991,4.882482241932676,62.57383966244734
3126,f1_esp,-17.437880431898897,-11.612042729533904,2.686934612812991,4.882482241932676,62.57383966244734
3127,f1_esp,-17.437880431898897,-11.612042729533904,2.686934612812991,4.882482241932676,62.57383966244734
3128,f1_esp,-17.437880431898897,-11.612042729533904,2.686934612812991,4.882482241932676,62.57383966244734
3129,f1_esp,-17.84283184609209,-11.403238192113282,2.854221101676762,4.338668095131352,62.74261603375535
3130,f1_esp,-17.84283184609209,-11.403238192113282,2.854221101676762,4.338668095131352,62.74261603375535
3131,f1_esp,-17.84283184609209,-11.403238192113282,2.854221101676762,4.338668095131352,62.74261603375535
3132,f1_esp,-17.84283184609209,-11.403238192113282,2.854221101676762,4.338668095131352,62.74261603375535
3133,f1_esp,-17.84283184609209,-11.403238192113282,2.854221101676762,4.338668095131352,62.74261603375535
3134,f1_esp,-17.84283184609209,-11.403238192113282,2.854221101676762,4.338668095131352,62.74261603375535
3135,f1_esp,-17.84283184609209,-11.403238192113282,2.854221101676762,4.338668095131352,62.74261603375535
3136,f1_esp,-17.84283184609209,-11.403238192113282,2.854221101676762,4.338668095131352,62.74261603375535
3137,f1_esp,-17.84283184609209,-11.403238192113282,2.854221101676762,4.338668095131352,62.74261603375535
3138,f1_esp,-17.84283184609209,-11.403238192113282,2.854221101676762,4.338668095131352,62.74261603375535
3139,f1_esp,-18.23139168487173,-11.261403592954354,2.885978039500368,4.010522440026417,62.911392405063374
3140,f1_esp,-18.23139168487173,-11.261403592954354,2.885978039500368,4.010522440026417,62.911392405063374
3141,f1_esp,-18.23139168487173,-11.261403592954354,2.885978039500368,4.010522440026417,62.911392405063374
3142,f1_esp,-18.23139168487173,-11.261403592954354,2.885978039500368,4.010522440026417,62.911392405063374
3143,f1_esp,-18.23139168487173,-11.261403592954354,2.885978039500368,4.010522440026417,62.911392405063374
3144,f1_esp,-18.23139168487173,-11.261403592954354,2.885978039500368,4.010522440026417,62.911392405063374
3145,f1_esp,-18.23139168487173,-11.261403592954354,2.885978039500368,4.010522440026417,62.911392405063374
3146,f1_esp,-18.23139168487173,-11.261403592954354,2.885978039500368,4.010522440026417,62.911392405063374
3147,f1_esp,-18.23139168487173,-11.261403592954354,2.885978039500368,4.010522440026417,62.911392405063374
3148,f1_esp,-18.23139168487173,-11.261403592954354,2.885978039500368,4.010522440026417,62.911392405063374
3149,f1_esp,-18.61949855594922,-11.1290939700468,2.7644583716196043,4.194814031227421,63.080168776371394
3150,f1_esp,-18.61949855594922,-11.1290939700468,2.7644583716196043,4.194814031227421,63.080168776371394
3151,f1_esp,-18.61949855594922,-11.1290939700468,2.7644583716196043,4.194814031227421,63.080168776371394
3152,f1_esp,-18.61949855594922,-11.1290939700468,2.7644583716196043,4.194814031227421,63.080168776371394
3153,f1_esp,-18.61949855594922,-11.1290939700468,2.7644583716196043,4.194814031227421,63.080168776371394
3154,f1_esp,-18.61949855594922,-11.1290939700468,2.7644583716196043,4.194814031227421,63.080168776371394
3155,f1_esp,-18.61949855594922,-11.1290939700468,2.7644583716196043,4.194814031227421,63.080168776371394
3156,f1_esp,-18.61949855594922,-11.1290939700468,2.7644583716196043,4.194814031227421,63.080168776371394
3157,f1_esp,-18.61949855594922,-11.1290939700468,2.7644583716196043,4.194814031227421,63.080168776371394
3158,f1_esp,-18.61949855594922,-11.1290939700468,2.7644583716196043,4.194814031227421,63.080168776371394
3159,f1_esp,-19.014143702874726,-10.956579842404265,2.64625746592053,4.426971990032937,63.29113924050641
3160,f1_esp,-19.014143702874726,-10.956579842404265,2.64625746592053,4.426971990032937,63.29113924050641
3161,f1_esp,-19.014143702874726,-10.956579842404265,2.64625746592053,4.426971990032937,63.29113924050641
3162,f1_esp,-19.014143702874726,-10.956579842404265,2.64625746592053,4.426971990032937,63.29113924050641
3163,f1_esp,-19.014143702874726,-10.956579842404265,2.64625746592053,4.426971990032937,63.29113924050641
3164,f1_esp,-19.014143702874726,-10.956579842404265,2.64625746592053,4.426971990032937,63.29113924050641
3165,f1_esp,-19.014143702874726,-10.956579842404265,2.64625746592053,4.426971990032937,63.29113924050641
3166,f1_esp,-19.014143702874726,-10.956579842404265,2.64625746592053,4.426971990032937,63.29113924050641
3167,f1_esp,-19.014143702874726,-10.956579842404265,2.64625746592053,4.426971990032937,63.29113924050641
3168,f1_esp,-19.014143702874726,-10.956579842404265,2.64625746592053,4.426971990032937,63.29113924050641
3169,f1_esp,-19.41344671116576,-10.742743534501551,2.599170168524579,4.637524895722803,63.45991561181443
3170,f1_esp,-19.41344671116576,-10.742743534501551,2.599170168524579,4.637524895722803,63.45991561181443
3171,f1_esp,-19.41344671116576,-10.742743534501551,2.599170168524579,4.637524895722803,63.45991561181443
3172,f1_esp,-19.41344671116576,-10.742743534501551,2.599170168524579,4.637524895722803,63.45991561181443
3173,f1_esp,-19.41344671116576,-10.742743534501551,2.599170168524579,4.637524895722803,63.45991561181443
3174,f1_esp,-19.41344671116576,-10.742743534501551,2.599170168524579,4.637524895722803,63.45991561181443
3175,f1_esp,-19.41344671116576,-10.742743534501551,2.599170168524579,4.637524895722803,63.45991561181443
3176,f1_esp,-19.41344671116576,-10.742743534501551,2.599170168524579,4.637524895722803,63.45991561181443
3177,f1_esp,-19.41344671116576,-10.742743534501551,2.599170168524579,4.637524895722803,63.45991561181443
3178,f1_esp,-19.41344671116576,-10.742743534501551,2.599170168524579,4.637524895722803,63.45991561181443
3179,f1_esp,-19.820754128598935,-10.507596087354544,2.6059043145103167,4.771534645147244,63.670886075949454
3180,f1_esp,-19.820754128598935,-10.507596087354544,2.6059043145103167,4.771534645147244,63.670886075949454
3181,f1_esp,-19.820754128598935,-10.507596087354544,2.6059043145103167,4.771534645147244,63.670886075949454
3182,f1_esp,-19.820754128598935,-10.507596087354544,2.6059043145103167,4.771534645147244,63.670886075949454
3183,f1_esp,-19.820754128598935,-10.507596087354544,2.6059043145103167,4.771534645147244,63.670886075949454
3184,f1_esp,-19.820754128598935,-10.507596087354544,2.6059043145103167,4.771534645147244,63.670886075949454
3185,f1_esp,-19.820754128598935,-10.507596087354544,2.6059043145103167,4.771534645147244,63.670886075949454
3186,f1_esp,-19.820754128598935,-10.507596087354544,2.6059043145103167,4.771534645147244,63.670886075949454
3187,f1_esp,-19.820754128598935,-10.507596087354544,2.6059043145103167,4.771534645147244,63.670886075949454
3188,f1_esp,-19.820754128598935,-10.507596087354544,2.6059043145103167,4.771534645147244,63.670886075949454
3189,f1_esp,-20.234094188729568,-10.261122794858126,2.590930023707983,4.855153337443112,63.839662447257474
3190,f1_esp,-20.234094188729568,-10.261122794858126,2.590930023707983,4.855153337443112,63.839662447257474
3191,f1_esp,-20.234094188729568,-10.261122794858126,2.590930023707983,4.855153337443112,63.839662447257474
3192,f1_esp,-20.234094188729568,-10.261122794858126,2.590930023707983,4.855153337443112,63.839662447257474
3193,f1_esp,-20.234094188729568,-10.261122794858126,2.590930023707983,4.855153337443112,63.839662447257474
3194,f1_esp,-20.234094188729568,-10.261122794858126,2.590930023707983,4.855153337443112,63.839662447257474
3195,f1_esp,-20.234094188729568,-10.261122794858126,2.590930023707983,4.855153337443112,63.839662447257474
3196,f1_esp,-20.234094188729568,-10.261122794858126,2.590930023707983,4.855153337443112,63.839662447257474
3197,f1_esp,-20.234094188729568,-10.261122794858126,2.590930023707983,4.855153337443112,63.839662447257474
3198,f1_esp,-20.234094188729568,-10.261122794858126,2.590930023707983,4.855153337443112,63.839662447257474
3199,f1_esp,-20.64962279584484,-10.00505618867746,2.5707445525308144,4.907825533080139,64.0506329113925
3200,f1_esp,-20.64962279584484,-10.00505618867746,2.5707445525308144,4.907825533080139,64.0506329113925
3201,f1_esp,-20.64962279584484,-10.00505618867746,2.5707445525308144,4.907825533080139,64.0506329113925
3202,f1_esp,-20.64962279584484,-10.00505618867746,2.5707445525308144,4.907825533080139,64.0506329113925
3203,f1_esp,-20.64962279584484,-10.00505618867746,2.5707445525308144,4.907825533080139,64.0506329113925
3204,f1_esp,-20.64962279584484,-10.00505618867746,2.5707445525308144,4.907825533080139,64.0506329113925
3205,f1_esp,-20.64962279584484,-10.00505618867746,2.5707445525308144,4.907825533080139,64.0506329113925
3206,f1_esp,-20.64962279584484,-10.00505618867746,2.5707445525308144,4.907825533080139,64.0506329113925
3207,f1_esp,-20.64962279584484,-10.00505618867746,2.5707445525308144,4.907825533080139,64.0506329113925
3208,f1_esp,-20.64962279584484,-10.00505618867746,2.5707445525308144,4.907825533080139,64.0506329113925
3209,f1_esp,-21.065202585523615,-9.74085642159588,2.5669936533105733,4.941899257330617,64.26160337552751
3210,f1_esp,-21.065202585523615,-9.74085642159588,2.5669936533105733,4.941899257330617,64.26160337552751
3211,f1_esp,-21.065202585523615,-9.74085642159588,2.5669936533105733,4.941899257330617,64.26160337552751
3212,f1_esp,-21.065202585523615,-9.74085642159588,2.5669936533105733,4.941899257330617,64.26160337552751
3213,f1_esp,-21.065202585523615,-9.74085642159588,2.5669936533105733,4.941899257330617,64.26160337552751
3214,f1_esp,-21.065202585523615,-9.74085642159588,2.5669936533105733,4.941899257330617,64.26160337552751
3215,f1_esp,-21.065202585523615,-9.74085642159588,2.5669936533105733,4.941899257330617,64.26160337552751
3216,f1_esp,-21.065202585523615,-9.74085642159588,2.5669936533105733,4.941899257330617,64.26160337552751
3217,f1_esp,-21.065202585523615,-9.74085642159588,2.5669936533105733,4.941899257330617,64.26160337552751
3218,f1_esp,-21.065202585523615,-9.74085642159588,2.5669936533105733,4.941899257330617,64.26160337552751
3219,f1_esp,-21.4832842580176,-9.475502229419934,2.587673479960356,4.9621726492765665,64.47257383966254
3220,f1_esp,-21.4832842580176,-9.475502229419934,2.587673479960356,4.9621726492765665,64.47257383966254
3221,f1_esp,-21.4832842580176,-9.475502229419934,2.587673479960356,4.9621726492765665,64.47257383966254
3222,f1_esp,-21.4832842580176,-9.475502229419934,2.587673479960356,4.9621726492765665,64.47257383966254
3223,f1_esp,-21.4832842580176,-9.475502229419934,2.587673479960356,4.9621726492765665,64.47257383966254
3224,f1_esp,-21.4832842580176,-9.475502229419934,2.587673479960356,4.9621726492765665,64.47257383966254
3225,f1_esp,-21.4832842580176,-9.475502229419934,2.587673479960356,4.9621726492765665,64.47257383966254
3226,f1_esp,-21.4832842580176,-9.475502229419934,2.587673479960356,4.9621726492765665,64.47257383966254
3227,f1_esp,-21.4832842580176,-9.475502229419934,2.587673479960356,4.9621726492765665,64.47257383966254
3228,f1_esp,-21.4832842580176,-9.475502229419934,2.587673479960356,4.9621726492765665,64.47257383966254
3229,f1_esp,-21.9062440379213,-9.21492853396484,2.6079891316593056,4.973840922032758,64.72573839662455
3230,f1_esp,-21.9062440379213,-9.21492853396484,2.6079891316593056,4.973840922032758,64.72573839662455
3231,f1_esp,-21.9062440379213,-9.21492853396484,2.6079891316593056,4.973840922032758,64.72573839662455
3232,f1_esp,-21.9062440379213,-9.21492853396484,2.6079891316593056,4.973840922032758,64.72573839662455
3233,f1_esp,-21.9062440379213,-9.21492853396484,2.6079891316593056,4.973840922032758,64.72573839662455
3234,f1_esp,-21.9062440379213,-9.21492853396484,2.6079891316593056,4.973840922032758,64.72573839662455
3235,f1_esp,-21.9062440379213,-9.21492853396484,2.6079891316593056,4.973840922032758,64.72573839662455
3236,f1_esp,-21.9062440379213,-9.21492853396484,2.6079891316593056,4.973840922032758,64.72573839662455
3237,f1_esp,-21.9062440379213,-9.21492853396484,2.6079891316593056,4.973840922032758,64.72573839662455
3238,f1_esp,-21.9062440379213,-9.21492853396484,2.6079891316593056,4.973840922032758,64.72573839662455
3239,f1_esp,-22.334687461413775,-8.961583028296655,2.625051632852336,4.981273074128189,64.89451476793258
3240,f1_esp,-22.334687461413775,-8.961583028296655,2.625051632852336,4.981273074128189,64.89451476793258
3241,f1_esp,-22.334687461413775,-8.961583028296655,2.625051632852336,4.981273074128189,64.89451476793258
3242,f1_esp,-22.334687461413775,-8.961583028296655,2.625051632852336,4.981273074128189,64.89451476793258
3243,f1_esp,-22.334687461413775,-8.961583028296655,2.625051632852336,4.981273074128189,64.89451476793258
3244,f1_esp,-22.334687461413775,-8.961583028296655,2.625051632852336,4.981273074128189,64.89451476793258
3245,f1_esp,-22.334687461413775,-8.961583028296655,2.625051632852336,4.981273074128189,64.89451476793258
3246,f1_esp,-22.334687461413775,-8.961583028296655,2.625051632852336,4.981273074128189,64.89451476793258
3247,f1_esp,-22.334687461413775,-8.961583028296655,2.625051632852336,4.981273074128189,64.89451476793258
3248,f1_esp,-22.334687461413775,-8.961583028296655,2.625051632852336,4.981273074128189,64.89451476793258
3249,f1_esp,-22.764600433246034,-8.709374136681316,2.5954763206826272,4.987556158924261,65.1054852320676
3250,f1_esp,-22.764600433246034,-8.709374136681316,2.5954763206826272,4.987556158924261,65.1054852320676
3251,f1_esp,-22.764600433246034,-8.709374136681316,2.5954763206826272,4.987556158924261,65.1054852320676
3252,f1_esp,-22.764600433246034,-8.709374136681316,2.5954763206826272,4.987556158924261,65.1054852320676
3253,f1_esp,-22.764600433246034,-8.709374136681316,2.5954763206826272,4.987556158924261,65.1054852320676
3254,f1_esp,-22.764600433246034,-8.709374136681316,2.5954763206826272,4.987556158924261,65.1054852320676
3255,f1_esp,-22.764600433246034,-8.709374136681316,2.5954763206826272,4.987556158924261,65.1054852320676
3256,f1_esp,-22.764600433246034,-8.709374136681316,2.5954763206826272,4.987556158924261,65.1054852320676
3257,f1_esp,-22.764600433246034,-8.709374136681316,2.5954763206826272,4.987556158924261,65.1054852320676
3258,f1_esp,-22.764600433246034,-8.709374136681316,2.5954763206826272,4.987556158924261,65.1054852320676
3259,f1_esp,-23.188986479412705,-8.44701575944443,2.5488137971314884,4.991579679013317,65.31645569620262
3260,f1_esp,-23.188986479412705,-8.44701575944443,2.5488137971314884,4.991579679013317,65.31645569620262
3261,f1_esp,-23.188986479412705,-8.44701575944443,2.5488137971314884,4.991579679013317,65.31645569620262
3262,f1_esp,-23.188986479412705,-8.44701575944443,2.5488137971314884,4.991579679013317,65.31645569620262
3263,f1_esp,-23.188986479412705,-8.44701575944443,2.5488137971314884,4.991579679013317,65.31645569620262
3264,f1_esp,-23.188986479412705,-8.44701575944443,2.5488137971314884,4.991579679013317,65.31645569620262
3265,f1_esp,-23.188986479412705,-8.44701575944443,2.5488137971314884,4.991579679013317,65.31645569620262
3266,f1_esp,-23.188986479412705,-8.44701575944443,2.5488137971314884,4.991579679013317,65.31645569620262
3267,f1_esp,-23.188986479412705,-8.44701575944443,2.5488137971314884,4.991579679013317,65.31645569620262
3268,f1_esp,-23.188986479412705,-8.44701575944443,2.5488137971314884,4.991579679013317,65.31645569620262
3269,f1_esp,-23.607352301120436,-8.17452225824196,2.550552545210234,4.994172538175159,65.52742616033764
3270,f1_esp,-23.607352301120436,-8.17452225824196,2.550552545210234,4.994172538175159,65.52742616033764
3271,f1_esp,-23.607352301120436,-8.17452225824196,2.550552545210234,4.994172538175159,65.52742616033764
3272,f1_esp,-23.607352301120436,-8.17452225824196,2.550552545210234,4.994172538175159,65.52742616033764
3273,f1_esp,-23.607352301120436,-8.17452225824196,2.550552545210234,4.994172538175159,65.52742616033764
3274,f1_esp,-23.607352301120436,-8.17452225824196,2.550552545210234,4.994172538175159,65.52742616033764
3275,f1_esp,-23.607352301120436,-8.17452225824196,2.550552545210234,4.994172538175159,65.52742616033764
3276,f1_esp,-23.607352301120436,-8.17452225824196,2.550552545210234,4.994172538175159,65.52742616033764
3277,f1_esp,-23.607352301120436,-8.17452225824196,2.550552545210234,4.994172538175159,65.52742616033764
3278,f1_esp,-23.607352301120436,-8.17452225824196,2.550552545210234,4.994172538175159,65.52742616033764
3279,f1_esp,-24.025291335805345,-7.901026604684334,2.57385745467657,4.995328105111508,65.73839662447266
3280,f1_esp,-24.025291335805345,-7.901026604684334,2.57385745467657,4.995328105111508,65.73839662447266
3281,f1_esp,-24.025291335805345,-7.901026604684334,2.57385745467657,4.995328105111508,65.73839662447266
3282,f1_esp,-24.025291335805345,-7.901026604684334,2.57385745467657,4.995328105111508,65.73839662447266
3283,f1_esp,-24.025291335805345,-7.901026604684334,2.57385745467657,4.995328105111508,65.73839662447266
3284,f1_esp,-24.025291335805345,-7.901026604684334,2.57385745467657,4.995328105111508,65.73839662447266
3285,f1_esp,-24.025291335805345,-7.901026604684334,2.57385745467657,4.995328105111508,65.73839662447266
3286,f1_esp,-24.025291335805345,-7.901026604684334,2.57385745467657,4.995328105111508,65.73839662447266
3287,f1_esp,-24.025291335805345,-7.901026604684334,2.57385745467657,4.995328105111508,65.73839662447266
3288,f1_esp,-24.025291335805345,-7.901026604684334,2.57385745467657,4.995328105111508,65.73839662447266
3289,f1_esp,-24.44610901638951,-7.6318028596701,2.583370856944301,4.996099433138867,65.94936708860769
3290,f1_esp,-24.44610901638951,-7.6318028596701,2.583370856944301,4.996099433138867,65.94936708860769
3291,f1_esp,-24.44610901638951,-7.6318028596701,2.583370856944301,4.996099433138867,65.94936708860769
3292,f1_esp,-24.44610901638951,-7.6318028596701,2.583370856944301,4.996099433138867,65.94936708860769
3293,f1_esp,-24.44610901638951,-7.6318028596701,2.583370856944301,4.996099433138867,65.94936708860769
3294,f1_esp,-24.44610901638951,-7.6318028596701,2.583370856944301,4.996099433138867,65.94936708860769
3295,f1_esp,-24.44610901638951,-7.6318028596701,2.583370856944301,4.996099433138867,65.94936708860769
3296,f1_esp,-24.44610901638951,-7.6318028596701,2.583370856944301,4.996099433138867,65.94936708860769
3297,f1_esp,-24.44610901638951,-7.6318028596701,2.583370856944301,4.996099433138867,65.94936708860769
3298,f1_esp,-24.44610901638951,-7.6318028596701,2.583370856944301,4.996099433138867,65.94936708860769
3299,f1_esp,-24.867049829913693,-7.362714494287913,2.5613477894207985,4.995946529453301,66.1603375527427
3300,f1_esp,-24.867049829913693,-7.362714494287913,2.5613477894207985,4.995946529453301,66.1603375527427
3301,f1_esp,-24.867049829913693,-7.362714494287913,2.5613477894207985,4.995946529453301,66.1603375527427
3302,f1_esp,-24.867049829913693,-7.362714494287913,2.5613477894207985,4.995946529453301,66.1603375527427
3303,f1_esp,-24.867049829913693,-7.362714494287913,2.5613477894207985,4.995946529453301,66.1603375527427
3304,f1_esp,-24.867049829913693,-7.362714494287913,2.5613477894207985,4.995946529453301,66.1603375527427
3305,f1_esp,-24.867049829913693,-7.362714494287913,2.5613477894207985,4.995946529453301,66.1603375527427
3306,f1_esp,-24.867049829913693,-7.362714494287913,2.5613477894207985,4.995946529453301,66.1603375527427
3307,f1_esp,-24.867049829913693,-7.362714494287913,2.5613477894207985,4.995946529453301,66.1603375527427
3308,f1_esp,-24.867049829913693,-7.362714494287913,2.5613477894207985,4.995946529453301,66.1603375527427
3309,f1_esp,-25.28608932641629,-7.090811787036266,2.563214549444978,4.994810544159357,66.37130801687773
3310,f1_esp,-25.28608932641629,-7.090811787036266,2.563214549444978,4.994810544159357,66.37130801687773
3311,f1_esp,-25.28608932641629,-7.090811787036266,2.563214549444978,4.994810544159357,66.37130801687773
3312,f1_esp,-25.28608932641629,-7.090811787036266,2.563214549444978,4.994810544159357,66.37130801687773
3313,f1_esp,-25.28608932641629,-7.090811787036266,2.563214549444978,4.994810544159357,66.37130801687773
3314,f1_esp,-25.28608932641629,-7.090811787036266,2.563214549444978,4.994810544159357,66.37130801687773
3315,f1_esp,-25.28608932641629,-7.090811787036266,2.563214549444978,4.994810544159357,66.37130801687773
3316,f1_esp,-25.28608932641629,-7.090811787036266,2.563214549444978,4.994810544159357,66.37130801687773
3317,f1_esp,-25.28608932641629,-7.090811787036266,2.563214549444978,4.994810544159357,66.37130801687773
3318,f1_esp,-25.28608932641629,-7.090811787036266,2.563214549444978,4.994810544159357,66.37130801687773
3319,f1_esp,-25.707241968578607,-6.824931590515225,2.617614061193526,4.971964539006355,66.58227848101275
3320,f1_esp,-25.707241968578607,-6.824931590515225,2.617614061193526,4.971964539006355,66.58227848101275
3321,f1_esp,-25.707241968578607,-6.824931590515225,2.617614061193526,4.971964539006355,66.58227848101275
3322,f1_esp,-25.707241968578607,-6.824931590515225,2.617614061193526,4.971964539006355,66.58227848101275
3323,f1_esp,-25.707241968578607,-6.824931590515225,2.617614061193526,4.971964539006355,66.58227848101275
3324,f1_esp,-25.707241968578607,-6.824931590515225,2.617614061193526,4.971964539006355,66.58227848101275
3325,f1_esp,-25.707241968578607,-6.824931590515225,2.617614061193526,4.971964539006355,66.58227848101275
3326,f1_esp,-25.707241968578607,-6.824931590515225,2.617614061193526,4.971964539006355,66.58227848101275
3327,f1_esp,-25.707241968578607,-6.824931590515225,2.617614061193526,4.971964539006355,66.58227848101275
3328,f1_esp,-25.707241968578607,-6.824931590515225,2.617614061193526,4.971964539006355,66.58227848101275
3329,f1_esp,-26.143045217857317,-6.585259661649515,2.756008185443504,4.978107347085594,66.79324894514777
3330,f1_esp,-26.143045217857317,-6.585259661649515,2.756008185443504,4.978107347085594,66.79324894514777
3331,f1_esp,-26.143045217857317,-6.585259661649515,2.756008185443504,4.978107347085594,66.79324894514777
3332,f1_esp,-26.143045217857317,-6.585259661649515,2.756008185443504,4.978107347085594,66.79324894514777
3333,f1_esp,-26.143045217857317,-6.585259661649515,2.756008185443504,4.978107347085594,66.79324894514777
3334,f1_esp,-26.143045217857317,-6.585259661649515,2.756008185443504,4.978107347085594,66.79324894514777
3335,f1_esp,-26.143045217857317,-6.585259661649515,2.756008185443504,4.978107347085594,66.79324894514777
3336,f1_esp,-26.143045217857317,-6.585259661649515,2.756008185443504,4.978107347085594,66.79324894514777
3337,f1_esp,-26.143045217857317,-6.585259661649515,2.756008185443504,4.978107347085594,66.79324894514777
3338,f1_esp,-26.143045217857317,-6.585259661649515,2.756008185443504,4.978107347085594,66.79324894514777
3339,f1_esp,-26.604059958645234,-6.3977174023422725,2.915621858628008,4.986454211177283,67.08860759493679
3340,f1_esp,-26.604059958645234,-6.3977174023422725,2.915621858628008,4.986454211177283,67.08860759493679
3341,f1_esp,-26.604059958645234,-6.3977174023422725,2.915621858628008,4.986454211177283,67.08860759493679
3342,f1_esp,-26.604059958645234,-6.3977174023422725,2.915621858628008,4.986454211177283,67.08860759493679
3343,f1_esp,-26.604059958645234,-6.3977174023422725,2.915621858628008,4.986454211177283,67.08860759493679
3344,f1_esp,-26.604059958645234,-6.3977174023422725,2.915621858628008,4.986454211177283,67.08860759493679
3345,f1_esp,-26.604059958645234,-6.3977174023422725,2.915621858628008,4.986454211177283,67.08860759493679
3346,f1_esp,-26.604059958645234,-6.3977174023422725,2.915621858628008,4.986454211177283,67.08860759493679
3347,f1_esp,-26.604059958645234,-6.3977174023422725,2.915621858628008,4.986454211177283,67.08860759493679
3348,f1_esp,-26.604059958645234,-6.3977174023422725,2.915621858628008,4.986454211177283,67.08860759493679
3349,f1_esp,-27.089590120073094,-6.285136107690296,3.1012344603570576,4.99167396116222,67.34177215189881
3350,f1_esp,-27.089590120073094,-6.285136107690296,3.1012344603570576,4.99167396116222,67.34177215189881
3351,f1_esp,-27.089590120073094,-6.285136107690296,3.1012344603570576,4.99167396116222,67.34177215189881
3352,f1_esp,-27.089590120073094,-6.285136107690296,3.1012344603570576,4.99167396116222,67.34177215189881
3353,f1_esp,-27.089590120073094,-6.285136107690296,3.1012344603570576,4.99167396116222,67.34177215189881
3354,f1_esp,-27.089590120073094,-6.285136107690296,3.1012344603570576,4.99167396116222,67.34177215189881
3355,f1_esp,-27.089590120073094,-6.285136107690296,3.1012344603570576,4.99167396116222,67.34177215189881
3356,f1_esp,-27.089590120073094,-6.285136107690296,3.1012344603570576,4.99167396116222,67.34177215189881
3357,f1_esp,-27.089590120073094,-6.285136107690296,3.1012344603570576,4.99167396116222,67.34177215189881
3358,f1_esp,-27.089590120073094,-6.285136107690296,3.1012344603570576,4.99167396116222,67.34177215189881
3359,f1_esp,-27.54409212502637,-6.281415936497062,3.6088668860438324,4.0406739611622156,67.51054852320684
3360,f1_esp,-27.54409212502637,-6.281415936497062,3.6088668860438324,4.0406739611622156,67.51054852320684
3361,f1_esp,-27.54409212502637,-6.281415936497062,3.6088668860438324,4.0406739611622156,67.51054852320684
3362,f1_esp,-27.54409212502637,-6.281415936497062,3.6088668860438324,4.0406739611622156,67.51054852320684
3363,f1_esp,-27.54409212502637,-6.281415936497062,3.6088668860438324,4.0406739611622156,67.51054852320684
3364,f1_esp,-27.54409212502637,-6.281415936497062,3.6088668860438324,4.0406739611622156,67.51054852320684
3365,f1_esp,-27.54409212502637,-6.281415936497062,3.6088668860438324,4.0406739611622156,67.51054852320684
3366,f1_esp,-27.54409212502637,-6.281415936497062,3.6088668860438324,4.0406739611622156,67.51054852320684
3367,f1_esp,-27.54409212502637,-6.281415936497062,3.6088668860438324,4.0406739611622156,67.51054852320684
3368,f1_esp,-27.54409212502637,-6.281415936497062,3.6088668860438324,4.0406739611622156,67.51054852320684
3369,f1_esp,-27.854691390974548,-6.451372787889891,4.50112167786772,3.2021516473018945,67.63713080168785
3370,f1_esp,-27.854691390974548,-6.451372787889891,4.50112167786772,3.2021516473018945,67.63713080168785
3371,f1_esp,-27.854691390974548,-6.451372787889891,4.50112167786772,3.2021516473018945,67.63713080168785
3372,f1_esp,-27.854691390974548,-6.451372787889891,4.50112167786772,3.2021516473018945,67.63713080168785
3373,f1_esp,-27.854691390974548,-6.451372787889891,4.50112167786772,3.2021516473018945,67.63713080168785
3374,f1_esp,-27.854691390974548,-6.451372787889891,4.50112167786772,3.2021516473018945,67.63713080168785
3375,f1_esp,-27.854691390974548,-6.451372787889891,4.50112167786772,3.2021516473018945,67.63713080168785
3376,f1_esp,-27.854691390974548,-6.451372787889891,4.50112167786772,3.2021516473018945,67.63713080168785
3377,f1_esp,-27.854691390974548,-6.451372787889891,4.50112167786772,3.2021516473018945,67.63713080168785
3378,f1_esp,-27.854691390974548,-6.451372787889891,4.50112167786772,3.2021516473018945,67.63713080168785
3379,f1_esp,-27.93414975810652,-6.746984993817841,4.89960505388454,3.0810014991202155,67.76371308016887
3380,f1_esp,-27.93414975810652,-6.746984993817841,4.89960505388454,3.0810014991202155,67.76371308016887
3381,f1_esp,-27.93414975810652,-6.746984993817841,4.89960505388454,3.0810014991202155,67.76371308016887
3382,f1_esp,-27.93414975810652,-6.746984993817841,4.89960505388454,3.0810014991202155,67.76371308016887
3383,f1_esp,-27.93414975810652,-6.746984993817841,4.89960505388454,3.0810014991202155,67.76371308016887
3384,f1_esp,-27.93414975810652,-6.746984993817841,4.89960505388454,3.0810014991202155,67.76371308016887
3385,f1_esp,-27.93414975810652,-6.746984993817841,4.89960505388454,3.0810014991202155,67.76371308016887
3386,f1_esp,-27.93414975810652,-6.746984993817841,4.89960505388454,3.0810014991202155,67.76371308016887
3387,f1_esp,-27.93414975810652,-6.746984993817841,4.89960505388454,3.0810014991202155,67.76371308016887
3388,f1_esp,-27.93414975810652,-6.746984993817841,4.89960505388454,3.0810014991202155,67.76371308016887
3389,f1_esp,-27.870874308314537,-7.083924967942519,5.010284266900106,3.805332682218284,67.93248945147688
3390,f1_esp,-27.870874308314537,-7.083924967942519,5.010284266900106,3.805332682218284,67.93248945147688
3391,f1_esp,-27.870874308314537,-7.083924967942519,5.010284266900106,3.805332682218284,67.93248945147688
3392,f1_esp,-27.870874308314537,-7.083924967942519,5.010284266900106,3.805332682218284,67.93248945147688
3393,f1_esp,-27.870874308314537,-7.083924967942519,5.010284266900106,3.805332682218284,67.93248945147688
3394,f1_esp,-27.870874308314537,-7.083924967942519,5.010284266900106,3.805332682218284,67.93248945147688
3395,f1_esp,-27.870874308314537,-7.083924967942519,5.010284266900106,3.805332682218284,67.93248945147688
3396,f1_esp,-27.870874308314537,-7.083924967942519,5.010284266900106,3.805332682218284,67.93248945147688
3397,f1_esp,-27.870874308314537,-7.083924967942519,5.010284266900106,3.805332682218284,67.93248945147688
3398,f1_esp,-27.870874308314537,-7.083924967942519,5.010284266900106,3.805332682218284,67.93248945147688
3399,f1_esp,-27.738858329442248,-7.464643442631984,5.1164563007160995,4.266042892395119,68.10126582278491
3400,f1_esp,-27.738858329442248,-7.464643442631984,5.1164563007160995,4.266042892395119,68.10126582278491
3401,f1_esp,-27.738858329442248,-7.464643442631984,5.1164563007160995,4.266042892395119,68.10126582278491
3402,f1_esp,-27.738858329442248,-7.464643442631984,5.1164563007160995,4.266042892395119,68.10126582278491
3403,f1_esp,-27.738858329442248,-7.464643442631984,5.1164563007160995,4.266042892395119,68.10126582278491
3404,f1_esp,-27.738858329442248,-7.464643442631984,5.1164563007160995,4.266042892395119,68.10126582278491
3405,f1_esp,-27.738858329442248,-7.464643442631984,5.1164563007160995,4.266042892395119,68.10126582278491
3406,f1_esp,-27.738858329442248,-7.464643442631984,5.1164563007160995,4.266042892395119,68.10126582278491
3407,f1_esp,-27.738858329442248,-7.464643442631984,5.1164563007160995,4.266042892395119,68.10126582278491
3408,f1_esp,-27.738858329442248,-7.464643442631984,5.1164563007160995,4.266042892395119,68.10126582278491
3409,f1_esp,-27.57021449750577,-7.871541229816684,5.115971902537064,4.549087199679601,68.31223628691993
3410,f1_esp,-27.57021449750577,-7.871541229816684,5.115971902537064,4.549087199679601,68.31223628691993
3411,f1_esp,-27.57021449750577,-7.871541229816684,5.115971902537064,4.549087199679601,68.31223628691993
3412,f1_esp,-27.57021449750577,-7.871541229816684,5.115971902537064,4.549087199679601,68.31223628691993
3413,f1_esp,-27.57021449750577,-7.871541229816684,5.115971902537064,4.549087199679601,68.31223628691993
3414,f1_esp,-27.57021449750577,-7.871541229816684,5.115971902537064,4.549087199679601,68.31223628691993
3415,f1_esp,-27.57021449750577,-7.871541229816684,5.115971902537064,4.549087199679601,68.31223628691993
3416,f1_esp,-27.57021449750577,-7.871541229816684,5.115971902537064,4.549087199679601,68.31223628691993
3417,f1_esp,-27.57021449750577,-7.871541229816684,5.115971902537064,4.549087199679601,68.31223628691993
3418,f1_esp,-27.57021449750577,-7.871541229816684,5.115971902537064,4.549087199679601,68.31223628691993
3419,f1_esp,-27.41736658704583,-8.30884403673384,4.929799842928045,4.72297777979782,68.48101265822794
3420,f1_esp,-27.41736658704583,-8.30884403673384,4.929799842928045,4.72297777979782,68.48101265822794
3421,f1_esp,-27.41736658704583,-8.30884403673384,4.929799842928045,4.72297777979782,68.48101265822794
3422,f1_esp,-27.41736658704583,-8.30884403673384,4.929799842928045,4.72297777979782,68.48101265822794
3423,f1_esp,-27.41736658704583,-8.30884403673384,4.929799842928045,4.72297777979782,68.48101265822794
3424,f1_esp,-27.41736658704583,-8.30884403673384,4.929799842928045,4.72297777979782,68.48101265822794
3425,f1_esp,-27.41736658704583,-8.30884403673384,4.929799842928045,4.72297777979782,68.48101265822794
3426,f1_esp,-27.41736658704583,-8.30884403673384,4.929799842928045,4.72297777979782,68.48101265822794
3427,f1_esp,-27.41736658704583,-8.30884403673384,4.929799842928045,4.72297777979782,68.48101265822794
3428,f1_esp,-27.41736658704583,-8.30884403673384,4.929799842928045,4.72297777979782,68.48101265822794
3429,f1_esp,-27.311671999187023,-8.77422876277539,4.797644498182223,4.829779626126856,68.69198312236297
3430,f1_esp,-27.311671999187023,-8.77422876277539,4.797644498182223,4.829779626126856,68.69198312236297
3431,f1_esp,-27.311671999187023,-8.77422876277539,4.797644498182223,4.829779626126856,68.69198312236297
3432,f1_esp,-27.311671999187023,-8.77422876277539,4.797644498182223,4.829779626126856,68.69198312236297
3433,f1_esp,-27.311671999187023,-8.77422876277539,4.797644498182223,4.829779626126856,68.69198312236297
3434,f1_esp,-27.311671999187023,-8.77422876277539,4.797644498182223,4.829779626126856,68.69198312236297
3435,f1_esp,-27.311671999187023,-8.77422876277539,4.797644498182223,4.829779626126856,68.69198312236297
3436,f1_esp,-27.311671999187023,-8.77422876277539,4.797644498182223,4.829779626126856,68.69198312236297
3437,f1_esp,-27.311671999187023,-8.77422876277539,4.797644498182223,4.829779626126856,68.69198312236297
3438,f1_esp,-27.311671999187023,-8.77422876277539,4.797644498182223,4.829779626126856,68.69198312236297
3439,f1_esp,-27.228935513385032,-9.238365750409223,4.935754286247051,4.6421533461268245,68.902953586498
3440,f1_esp,-27.228935513385032,-9.238365750409223,4.935754286247051,4.6421533461268245,68.902953586498
3441,f1_esp,-27.228935513385032,-9.238365750409223,4.935754286247051,4.6421533461268245,68.902953586498
3442,f1_esp,-27.228935513385032,-9.238365750409223,4.935754286247051,4.6421533461268245,68.902953586498
3443,f1_esp,-27.228935513385032,-9.238365750409223,4.935754286247051,4.6421533461268245,68.902953586498
3444,f1_esp,-27.228935513385032,-9.238365750409223,4.935754286247051,4.6421533461268245,68.902953586498
3445,f1_esp,-27.228935513385032,-9.238365750409223,4.935754286247051,4.6421533461268245,68.902953586498
3446,f1_esp,-27.228935513385032,-9.238365750409223,4.935754286247051,4.6421533461268245,68.902953586498
3447,f1_esp,-27.228935513385032,-9.238365750409223,4.935754286247051,4.6421533461268245,68.902953586498
3448,f1_esp,-27.228935513385032,-9.238365750409223,4.935754286247051,4.6421533461268245,68.902953586498
3449,f1_esp,-27.09844941946319,-9.690435134682673,5.153215331818985,4.77915742734297,69.071729957806
3450,f1_esp,-27.09844941946319,-9.690435134682673,5.153215331818985,4.77915742734297,69.071729957806
3451,f1_esp,-27.09844941946319,-9.690435134682673,5.153215331818985,4.77915742734297,69.071729957806
3452,f1_esp,-27.09844941946319,-9.690435134682673,5.153215331818985,4.77915742734297,69.071729957806
3453,f1_esp,-27.09844941946319,-9.690435134682673,5.153215331818985,4.77915742734297,69.071729957806
3454,f1_esp,-27.09844941946319,-9.690435134682673,5.153215331818985,4.77915742734297,69.071729957806
3455,f1_esp,-27.09844941946319,-9.690435134682673,5.153215331818985,4.77915742734297,69.071729957806
3456,f1_esp,-27.09844941946319,-9.690435134682673,5.153215331818985,4.77915742734297,69.071729957806
3457,f1_esp,-27.09844941946319,-9.690435134682673,5.153215331818985,4.77915742734297,69.071729957806
3458,f1_esp,-27.09844941946319,-9.690435134682673,5.153215331818985,4.77915742734297,69.071729957806
3459,f1_esp,-26.90357606623732,-10.131019519232055,5.253443345880851,4.86427411746028,69.28270042194103
3460,f1_esp,-26.90357606623732,-10.131019519232055,5.253443345880851,4.86427411746028,69.28270042194103
3461,f1_esp,-26.90357606623732,-10.131019519232055,5.253443345880851,4.86427411746028,69.28270042194103
3462,f1_esp,-26.90357606623732,-10.131019519232055,5.253443345880851,4.86427411746028,69.28270042194103
3463,f1_esp,-26.90357606623732,-10.131019519232055,5.253443345880851,4.86427411746028,69.28270042194103
3464,f1_esp,-26.90357606623732,-10.131019519232055,5.253443345880851,4.86427411746028,69.28270042194103
3465,f1_esp,-26.90357606623732,-10.131019519232055,5.253443345880851,4.86427411746028,69.28270042194103
3466,f1_esp,-26.90357606623732,-10.131019519232055,5.253443345880851,4.86427411746028,69.28270042194103
3467,f1_esp,-26.90357606623732,-10.131019519232055,5.253443345880851,4.86427411746028,69.28270042194103
3468,f1_esp,-26.90357606623732,-10.131019519232055,5.253443345880851,4.86427411746028,69.28270042194103
3469,f1_esp,-26.667302867003,-10.559089821730325,5.259442151546746,4.916599722991534,69.49367088607605
3470,f1_esp,-26.667302867003,-10.559089821730325,5.259442151546746,4.916599722991534,69.49367088607605
3471,f1_esp,-26.667302867003,-10.559089821730325,5.259442151546746,4.916599722991534,69.49367088607605
3472,f1_esp,-26.667302867003,-10.559089821730325,5.259442151546746,4.916599722991534,69.49367088607605
3473,f1_esp,-26.667302867003,-10.559089821730325,5.259442151546746,4.916599722991534,69.49367088607605
3474,f1_esp,-26.667302867003,-10.559089821730325,5.259442151546746,4.916599722991534,69.49367088607605
3475,f1_esp,-26.667302867003,-10.559089821730325,5.259442151546746,4.916599722991534,69.49367088607605
3476,f1_esp,-26.667302867003,-10.559089821730325,5.259442151546746,4.916599722991534,69.49367088607605
3477,f1_esp,-26.667302867003,-10.559089821730325,5.259442151546746,4.916599722991534,69.49367088607605
3478,f1_esp,-26.667302867003,-10.559089821730325,5.259442151546746,4.916599722991534,69.49367088607605
3479,f1_esp,-26.420874913550396,-10.986350842694652,5.219202444021587,4.948758907176702,69.70464135021108
3480,f1_esp,-26.420874913550396,-10.986350842694652,5.219202444021587,4.948758907176702,69.70464135021108
3481,f1_esp,-26.420874913550396,-10.986350842694652,5.219202444021587,4.948758907176702,69.70464135021108
3482,f1_esp,-26.420874913550396,-10.986350842694652,5.219202444021587,4.948758907176702,69.70464135021108
3483,f1_esp,-26.420874913550396,-10.986350842694652,5.219202444021587,4.948758907176702,69.70464135021108
3484,f1_esp,-26.420874913550396,-10.986350842694652,5.219202444021587,4.948758907176702,69.70464135021108
3485,f1_esp,-26.420874913550396,-10.986350842694652,5.219202444021587,4.948758907176702,69.70464135021108
3486,f1_esp,-26.420874913550396,-10.986350842694652,5.219202444021587,4.948758907176702,69.70464135021108
3487,f1_esp,-26.420874913550396,-10.986350842694652,5.219202444021587,4.948758907176702,69.70464135021108
3488,f1_esp,-26.420874913550396,-10.986350842694652,5.219202444021587,4.948758907176702,69.70464135021108
3489,f1_esp,-26.183576612762895,-11.421708625734361,5.175962132347689,4.968518059734161,69.9156118143461
3490,f1_esp,-26.183576612762895,-11.421708625734361,5.175962132347689,4.968518059734161,69.9156118143461
3491,f1_esp,-26.183576612762895,-11.421708625734361,5.175962132347689,4.968518059734161,69.9156118143461
3492,f1_esp,-26.183576612762895,-11.421708625734361,5.175962132347689,4.968518059734161,69.9156118143461
3493,f1_esp,-26.183576612762895,-11.421708625734361,5.175962132347689,4.968518059734161,69.9156118143461
3494,f1_esp,-26.183576612762895,-11.421708625734361,5.175962132347689,4.968518059734161,69.9156118143461
3495,f1_esp,-26.183576612762895,-11.421708625734361,5.175962132347689,4.968518059734161,69.9156118143461
3496,f1_esp,-26.183576612762895,-11.421708625734361,5.175962132347689,4.968518059734161,69.9156118143461
3497,f1_esp,-26.183576612762895,-11.421708625734361,5.175962132347689,4.968518059734161,69.9156118143461
3498,f1_esp,-26.183576612762895,-11.421708625734361,5.175962132347689,4.968518059734161,69.9156118143461
3499,f1_esp,-25.946351686726306,-11.858874369274375,5.258820088377305,4.980241261693016,70.12658227848112
3500,f1_esp,-25.946351686726306,-11.858874369274375,5.258820088377305,4.980241261693016,70.12658227848112
3501,f1_esp,-25.946351686726306,-11.858874369274375,5.258820088377305,4.980241261693016,70.12658227848112
3502,f1_esp,-25.946351686726306,-11.858874369274375,5.258820088377305,4.980241261693016,70.12658227848112
3503,f1_esp,-25.946351686726306,-11.858874369274375,5.258820088377305,4.980241261693016,70.12658227848112
3504,f1_esp,-25.946351686726306,-11.858874369274375,5.258820088377305,4.980241261693016,70.12658227848112
3505,f1_esp,-25.946351686726306,-11.858874369274375,5.258820088377305,4.980241261693016,70.12658227848112
3506,f1_esp,-25.946351686726306,-11.858874369274375,5.258820088377305,4.980241261693016,70.12658227848112
3507,f1_esp,-25.946351686726306,-11.858874369274375,5.258820088377305,4.980241261693016,70.12658227848112
3508,f1_esp,-25.946351686726306,-11.858874369274375,5.258820088377305,4.980241261693016,70.12658227848112
3509,f1_esp,-25.665415594572245,-12.260947975160295,5.554533849505758,4.869254383725197,70.33755274261614
3510,f1_esp,-25.665415594572245,-12.260947975160295,5.554533849505758,4.869254383725197,70.33755274261614
3511,f1_esp,-25.665415594572245,-12.260947975160295,5.554533849505758,4.869254383725197,70.33755274261614
3512,f1_esp,-25.665415594572245,-12.260947975160295,5.554533849505758,4.869254383725197,70.33755274261614
3513,f1_esp,-25.665415594572245,-12.260947975160295,5.554533849505758,4.869254383725197,70.33755274261614
3514,f1_esp,-25.665415594572245,-12.260947975160295,5.554533849505758,4.869254383725197,70.33755274261614
3515,f1_esp,-25.665415594572245,-12.260947975160295,5.554533849505758,4.869254383725197,70.33755274261614
3516,f1_esp,-25.665415594572245,-12.260947975160295,5.554533849505758,4.869254383725197,70.33755274261614
3517,f1_esp,-25.665415594572245,-12.260947975160295,5.554533849505758,4.869254383725197,70.33755274261614
3518,f1_esp,-25.665415594572245,-12.260947975160295,5.554533849505758,4.869254383725197,70.33755274261614
3519,f1_esp,-25.304584284062972,-12.58970051044677,5.796711952417011,4.91967520621888,70.63291139240516
3520,f1_esp,-25.304584284062972,-12.58970051044677,5.796711952417011,4.91967520621888,70.63291139240516
3521,f1_esp,-25.304584284062972,-12.58970051044677,5.796711952417011,4.91967520621888,70.63291139240516
3522,f1_esp,-25.304584284062972,-12.58970051044677,5.796711952417011,4.91967520621888,70.63291139240516
3523,f1_esp,-25.304584284062972,-12.58970051044677,5.796711952417011,4.91967520621888,70.63291139240516
3524,f1_esp,-25.304584284062972,-12.58970051044677,5.796711952417011,4.91967520621888,70.63291139240516
3525,f1_esp,-25.304584284062972,-12.58970051044677,5.796711952417011,4.91967520621888,70.63291139240516
3526,f1_esp,-25.304584284062972,-12.58970051044677,5.796711952417011,4.91967520621888,70.63291139240516
3527,f1_esp,-25.304584284062972,-12.58970051044677,5.796711952417011,4.91967520621888,70.63291139240516
3528,f1_esp,-25.304584284062972,-12.58970051044677,5.796711952417011,4.91967520621888,70.63291139240516
3529,f1_esp,-24.882597326637452,-12.844975092063043,5.86908144768126,4.950651758327394,70.88607594936718
3530,f1_esp,-24.882597326637452,-12.844975092063043,5.86908144768126,4.950651758327394,70.88607594936718
3531,f1_esp,-24.882597326637452,-12.844975092063043,5.86908144768126,4.950651758327394,70.88607594936718
3532,f1_esp,-24.882597326637452,-12.844975092063043,5.86908144768126,4.950651758327394,70.88607594936718
3533,f1_esp,-24.882597326637452,-12.844975092063043,5.86908144768126,4.950651758327394,70.88607594936718
3534,f1_esp,-24.882597326637452,-12.844975092063043,5.86908144768126,4.950651758327394,70.88607594936718
3535,f1_esp,-24.882597326637452,-12.844975092063043,5.86908144768126,4.950651758327394,70.88607594936718
3536,f1_esp,-24.882597326637452,-12.844975092063043,5.86908144768126,4.950651758327394,70.88607594936718
3537,f1_esp,-24.882597326637452,-12.844975092063043,5.86908144768126,4.950651758327394,70.88607594936718
3538,f1_esp,-24.882597326637452,-12.844975092063043,5.86908144768126,4.950651758327394,70.88607594936718
3539,f1_esp,-24.44383027186772,-13.076252025103786,5.798059629202685,4.969679293907278,71.09704641350221
3540,f1_esp,-24.44383027186772,-13.076252025103786,5.798059629202685,4.969679293907278,71.09704641350221
3541,f1_esp,-24.44383027186772,-13.076252025103786,5.798059629202685,4.969679293907278,71.09704641350221
3542,f1_esp,-24.44383027186772,-13.076252025103786,5.798059629202685,4.969679293907278,71.09704641350221
3543,f1_esp,-24.44383027186772,-13.076252025103786,5.798059629202685,4.969679293907278,71.09704641350221
3544,f1_esp,-24.44383027186772,-13.076252025103786,5.798059629202685,4.969679293907278,71.09704641350221
3545,f1_esp,-24.44383027186772,-13.076252025103786,5.798059629202685,4.969679293907278,71.09704641350221
3546,f1_esp,-24.44383027186772,-13.076252025103786,5.798059629202685,4.969679293907278,71.09704641350221
3547,f1_esp,-24.44383027186772,-13.076252025103786,5.798059629202685,4.969679293907278,71.09704641350221
3548,f1_esp,-24.44383027186772,-13.076252025103786,5.798059629202685,4.969679293907278,71.09704641350221
3549,f1_esp,-24.00057892647417,-13.30224579171604,5.823146285035036,4.9813534603170675,71.30801687763723
3550,f1_esp,-24.00057892647417,-13.30224579171604,5.823146285035036,4.9813534603170675,71.30801687763723
3551,f1_esp,-24.00057892647417,-13.30224579171604,5.823146285035036,4.9813534603170675,71.30801687763723
3552,f1_esp,-24.00057892647417,-13.30224579171604,5.823146285035036,4.9813534603170675,71.30801687763723
3553,f1_esp,-24.00057892647417,-13.30224579171604,5.823146285035036,4.9813534603170675,71.30801687763723
3554,f1_esp,-24.00057892647417,-13.30224579171604,5.823146285035036,4.9813534603170675,71.30801687763723
3555,f1_esp,-24.00057892647417,-13.30224579171604,5.823146285035036,4.9813534603170675,71.30801687763723
3556,f1_esp,-24.00057892647417,-13.30224579171604,5.823146285035036,4.9813534603170675,71.30801687763723
3557,f1_esp,-24.00057892647417,-13.30224579171604,5.823146285035036,4.9813534603170675,71.30801687763723
3558,f1_esp,-24.00057892647417,-13.30224579171604,5.823146285035036,4.9813534603170675,71.30801687763723
3559,f1_esp,-23.554356211423183,-13.524433187352319,5.8299620049471255,4.988413595600543,71.47679324894524
3560,f1_esp,-23.554356211423183,-13.524433187352319,5.8299620049471255,4.988413595600543,71.47679324894524
3561,f1_esp,-23.554356211423183,-13.524433187352319,5.8299620049471255,4.988413595600543,71.47679324894524
3562,f1_esp,-23.554356211423183,-13.524433187352319,5.8299620049471255,4.988413595600543,71.47679324894524
3563,f1_esp,-23.554356211423183,-13.524433187352319,5.8299620049471255,4.988413595600543,71.47679324894524
3564,f1_esp,-23.554356211423183,-13.524433187352319,5.8299620049471255,4.988413595600543,71.47679324894524
3565,f1_esp,-23.554356211423183,-13.524433187352319,5.8299620049471255,4.988413595600543,71.47679324894524
3566,f1_esp,-23.554356211423183,-13.524433187352319,5.8299620049471255,4.988413595600543,71.47679324894524
3567,f1_esp,-23.554356211423183,-13.524433187352319,5.8299620049471255,4.988413595600543,71.47679324894524
3568,f1_esp,-23.554356211423183,-13.524433187352319,5.8299620049471255,4.988413595600543,71.47679324894524
3569,f1_esp,-23.11161745113487,-13.754625606794049,5.746134149234153,4.9928498665469085,71.68776371308027
3570,f1_esp,-23.11161745113487,-13.754625606794049,5.746134149234153,4.9928498665469085,71.68776371308027
3571,f1_esp,-23.11161745113487,-13.754625606794049,5.746134149234153,4.9928498665469085,71.68776371308027
3572,f1_esp,-23.11161745113487,-13.754625606794049,5.746134149234153,4.9928498665469085,71.68776371308027
3573,f1_esp,-23.11161745113487,-13.754625606794049,5.746134149234153,4.9928498665469085,71.68776371308027
3574,f1_esp,-23.11161745113487,-13.754625606794049,5.746134149234153,4.9928498665469085,71.68776371308027
3575,f1_esp,-23.11161745113487,-13.754625606794049,5.746134149234153,4.9928498665469085,71.68776371308027
3576,f1_esp,-23.11161745113487,-13.754625606794049,5.746134149234153,4.9928498665469085,71.68776371308027
3577,f1_esp,-23.11161745113487,-13.754625606794049,5.746134149234153,4.9928498665469085,71.68776371308027
3578,f1_esp,-23.11161745113487,-13.754625606794049,5.746134149234153,4.9928498665469085,71.68776371308027
3579,f1_esp,-22.692952286325173,-14.026220831296346,5.538505500321945,4.99540575933869,71.89873417721529
3580,f1_esp,-22.692952286325173,-14.026220831296346,5.538505500321945,4.99540575933869,71.89873417721529
3581,f1_esp,-22.692952286325173,-14.026220831296346,5.538505500321945,4.99540575933869,71.89873417721529
3582,f1_esp,-22.692952286325173,-14.026220831296346,5.538505500321945,4.99540575933869,71.89873417721529
3583,f1_esp,-22.692952286325173,-14.026220831296346,5.538505500321945,4.99540575933869,71.89873417721529
3584,f1_esp,-22.692952286325173,-14.026220831296346,5.538505500321945,4.99540575933869,71.89873417721529
3585,f1_esp,-22.692952286325173,-14.026220831296346,5.538505500321945,4.99540575933869,71.89873417721529
3586,f1_esp,-22.692952286325173,-14.026220831296346,5.538505500321945,4.99540575933869,71.89873417721529
3587,f1_esp,-22.692952286325173,-14.026220831296346,5.538505500321945,4.99540575933869,71.89873417721529
3588,f1_esp,-22.692952286325173,-14.026220831296346,5.538505500321945,4.99540575933869,71.89873417721529
3589,f1_esp,-22.331235011986028,-14.369514390896317,5.287905446427094,4.997122092942159,72.0675105485233
3590,f1_esp,-22.331235011986028,-14.369514390896317,5.287905446427094,4.997122092942159,72.0675105485233
3591,f1_esp,-22.331235011986028,-14.369514390896317,5.287905446427094,4.997122092942159,72.0675105485233
3592,f1_esp,-22.331235011986028,-14.369514390896317,5.287905446427094,4.997122092942159,72.0675105485233
3593,f1_esp,-22.331235011986028,-14.369514390896317,5.287905446427094,4.997122092942159,72.0675105485233
3594,f1_esp,-22.331235011986028,-14.369514390896317,5.287905446427094,4.997122092942159,72.0675105485233
3595,f1_esp,-22.331235011986028,-14.369514390896317,5.287905446427094,4.997122092942159,72.0675105485233
3596,f1_esp,-22.331235011986028,-14.369514390896317,5.287905446427094,4.997122092942159,72.0675105485233
3597,f1_esp,-22.331235011986028,-14.369514390896317,5.287905446427094,4.997122092942159,72.0675105485233
3598,f1_esp,-22.331235011986028,-14.369514390896317,5.287905446427094,4.997122092942159,72.0675105485233
3599,f1_esp,-22.045948073961412,-14.778936224422393,5.123695092179491,4.997871650414371,72.27848101265832
3600,f1_esp,-22.045948073961412,-14.778936224422393,5.123695092179491,4.997871650414371,72.27848101265832
3601,f1_esp,-22.045948073961412,-14.778936224422393,5.123695092179491,4.997871650414371,72.27848101265832
3602,f1_esp,-22.045948073961412,-14.778936224422393,5.123695092179491,4.997871650414371,72.27848101265832
3603,f1_esp,-22.045948073961412,-14.778936224422393,5.123695092179491,4.997871650414371,72.27848101265832
3604,f1_esp,-22.045948073961412,-14.778936224422393,5.123695092179491,4.997871650414371,72.27848101265832
3605,f1_esp,-22.045948073961412,-14.778936224422393,5.123695092179491,4.997871650414371,72.27848101265832
3606,f1_esp,-22.045948073961412,-14.778936224422393,5.123695092179491,4.997871650414371,72.27848101265832
3607,f1_esp,-22.045948073961412,-14.778936224422393,5.123695092179491,4.997871650414371,72.27848101265832
3608,f1_esp,-22.045948073961412,-14.778936224422393,5.123695092179491,4.997871650414371,72.27848101265832
3609,f1_esp,-21.829103876059655,-15.228732359002512,4.985372784429236,4.9979238006657996,72.44725738396635
3610,f1_esp,-21.829103876059655,-15.228732359002512,4.985372784429236,4.9979238006657996,72.44725738396635
3611,f1_esp,-21.829103876059655,-15.228732359002512,4.985372784429236,4.9979238006657996,72.44725738396635
3612,f1_esp,-21.829103876059655,-15.228732359002512,4.985372784429236,4.9979238006657996,72.44725738396635
3613,f1_esp,-21.829103876059655,-15.228732359002512,4.985372784429236,4.9979238006657996,72.44725738396635
3614,f1_esp,-21.829103876059655,-15.228732359002512,4.985372784429236,4.9979238006657996,72.44725738396635
3615,f1_esp,-21.829103876059655,-15.228732359002512,4.985372784429236,4.9979238006657996,72.44725738396635
3616,f1_esp,-21.829103876059655,-15.228732359002512,4.985372784429236,4.9979238006657996,72.44725738396635
3617,f1_esp,-21.829103876059655,-15.228732359002512,4.985372784429236,4.9979238006657996,72.44725738396635
3618,f1_esp,-21.829103876059655,-15.228732359002512,4.985372784429236,4.9979238006657996,72.44725738396635
3619,f1_esp,-21.687168627365505,-15.7073360382592,4.8259130305134965,4.997575701739754,72.65822784810136
3620,f1_esp,-21.687168627365505,-15.7073360382592,4.8259130305134965,4.997575701739754,72.65822784810136
3621,f1_esp,-21.687168627365505,-15.7073360382592,4.8259130305134965,4.997575701739754,72.65822784810136
3622,f1_esp,-21.687168627365505,-15.7073360382592,4.8259130305134965,4.997575701739754,72.65822784810136
3623,f1_esp,-21.687168627365505,-15.7073360382592,4.8259130305134965,4.997575701739754,72.65822784810136
3624,f1_esp,-21.687168627365505,-15.7073360382592,4.8259130305134965,4.997575701739754,72.65822784810136
3625,f1_esp,-21.687168627365505,-15.7073360382592,4.8259130305134965,4.997575701739754,72.65822784810136
3626,f1_esp,-21.687168627365505,-15.7073360382592,4.8259130305134965,4.997575701739754,72.65822784810136
3627,f1_esp,-21.687168627365505,-15.7073360382592,4.8259130305134965,4.997575701739754,72.65822784810136
3628,f1_esp,-21.687168627365505,-15.7073360382592,4.8259130305134965,4.997575701739754,72.65822784810136
3629,f1_esp,-21.626327272186135,-16.202632206116473,4.638621235532063,4.994290888230068,72.82700421940939
3630,f1_esp,-21.626327272186135,-16.202632206116473,4.638621235532063,4.994290888230068,72.82700421940939
3631,f1_esp,-21.626327272186135,-16.202632206116473,4.638621235532063,4.994290888230068,72.82700421940939
3632,f1_esp,-21.626327272186135,-16.202632206116473,4.638621235532063,4.994290888230068,72.82700421940939
3633,f1_esp,-21.626327272186135,-16.202632206116473,4.638621235532063,4.994290888230068,72.82700421940939
3634,f1_esp,-21.626327272186135,-16.202632206116473,4.638621235532063,4.994290888230068,72.82700421940939
3635,f1_esp,-21.626327272186135,-16.202632206116473,4.638621235532063,4.994290888230068,72.82700421940939
3636,f1_esp,-21.626327272186135,-16.202632206116473,4.638621235532063,4.994290888230068,72.82700421940939
3637,f1_esp,-21.626327272186135,-16.202632206116473,4.638621235532063,4.994290888230068,72.82700421940939
3638,f1_esp,-21.626327272186135,-16.202632206116473,4.638621235532063,4.994290888230068,72.82700421940939
3639,f1_esp,-21.649289035344562,-16.700936432324177,4.45771243564568,4.993100591681266,73.0379746835444
3640,f1_esp,-21.649289035344562,-16.700936432324177,4.45771243564568,4.993100591681266,73.0379746835444
3641,f1_esp,-21.649289035344562,-16.700936432324177,4.45771243564568,4.993100591681266,73.0379746835444
3642,f1_esp,-21.649289035344562,-16.700936432324177,4.45771243564568,4.993100591681266,73.0379746835444
3643,f1_esp,-21.649289035344562,-16.700936432324177,4.45771243564568,4.993100591681266,73.0379746835444
3644,f1_esp,-21.649289035344562,-16.700936432324177,4.45771243564568,4.993100591681266,73.0379746835444
3645,f1_esp,-21.649289035344562,-16.700936432324177,4.45771243564568,4.993100591681266,73.0379746835444
3646,f1_esp,-21.649289035344562,-16.700936432324177,4.45771243564568,4.993100591681266,73.0379746835444
3647,f1_esp,-21.649289035344562,-16.700936432324177,4.45771243564568,4.993100591681266,73.0379746835444
3648,f1_esp,-21.649289035344562,-16.700936432324177,4.45771243564568,4.993100591681266,73.0379746835444
3649,f1_esp,-21.75815199458848,-17.187373094013896,4.293047973557048,4.990167267539853,73.20675105485243
3650,f1_esp,-21.75815199458848,-17.187373094013896,4.293047973557048,4.990167267539853,73.20675105485243
3651,f1_esp,-21.75815199458848,-17.187373094013896,4.293047973557048,4.990167267539853,73.20675105485243
3652,f1_esp,-21.75815199458848,-17.187373094013896,4.293047973557048,4.990167267539853,73.20675105485243
3653,f1_esp,-21.75815199458848,-17.187373094013896,4.293047973557048,4.990167267539853,73.20675105485243
3654,f1_esp,-21.75815199458848,-17.187373094013896,4.293047973557048,4.990167267539853,73.20675105485243
3655,f1_esp,-21.75815199458848,-17.187373094013896,4.293047973557048,4.990167267539853,73.20675105485243
3656,f1_esp,-21.75815199458848,-17.187373094013896,4.293047973557048,4.990167267539853,73.20675105485243
3657,f1_esp,-21.75815199458848,-17.187373094013896,4.293047973557048,4.990167267539853,73.20675105485243
3658,f1_esp,-21.75815199458848,-17.187373094013896,4.293047973557048,4.990167267539853,73.20675105485243
3659,f1_esp,-21.939704166600055,-17.65153383567146,4.170777196345312,4.987521173962335,73.41772151898745
3660,f1_esp,-21.939704166600055,-17.65153383567146,4.170777196345312,4.987521173962335,73.41772151898745
3661,f1_esp,-21.939704166600055,-17.65153383567146,4.170777196345312,4.987521173962335,73.41772151898745
3662,f1_esp,-21.939704166600055,-17.65153383567146,4.170777196345312,4.987521173962335,73.41772151898745
3663,f1_esp,-21.939704166600055,-17.65153383567146,4.170777196345312,4.987521173962335,73.41772151898745
3664,f1_esp,-21.939704166600055,-17.65153383567146,4.170777196345312,4.987521173962335,73.41772151898745
3665,f1_esp,-21.939704166600055,-17.65153383567146,4.170777196345312,4.987521173962335,73.41772151898745
3666,f1_esp,-21.939704166600055,-17.65153383567146,4.170777196345312,4.987521173962335,73.41772151898745
3667,f1_esp,-21.939704166600055,-17.65153383567146,4.170777196345312,4.987521173962335,73.41772151898745
3668,f1_esp,-21.939704166600055,-17.65153383567146,4.170777196345312,4.987521173962335,73.41772151898745
3669,f1_esp,-22.184604506161588,-18.083377783729013,4.054522121553595,4.95682957833995,73.58649789029546
3670,f1_esp,-22.184604506161588,-18.083377783729013,4.054522121553595,4.95682957833995,73.58649789029546
3671,f1_esp,-22.184604506161588,-18.083377783729013,4.054522121553595,4.95682957833995,73.58649789029546
3672,f1_esp,-22.184604506161588,-18.083377783729013,4.054522121553595,4.95682957833995,73.58649789029546
3673,f1_esp,-22.184604506161588,-18.083377783729013,4.054522121553595,4.95682957833995,73.58649789029546
3674,f1_esp,-22.184604506161588,-18.083377783729013,4.054522121553595,4.95682957833995,73.58649789029546
3675,f1_esp,-22.184604506161588,-18.083377783729013,4.054522121553595,4.95682957833995,73.58649789029546
3676,f1_esp,-22.184604506161588,-18.083377783729013,4.054522121553595,4.95682957833995,73.58649789029546
3677,f1_esp,-22.184604506161588,-18.083377783729013,4.054522121553595,4.95682957833995,73.58649789029546
3678,f1_esp,-22.184604506161588,-18.083377783729013,4.054522121553595,4.95682957833995,73.58649789029546
3679,f1_esp,-22.481215848180035,-18.4778642165425,3.912768119940424,4.927890929873507,73.75527426160349
3680,f1_esp,-22.481215848180035,-18.4778642165425,3.912768119940424,4.927890929873507,73.75527426160349
3681,f1_esp,-22.481215848180035,-18.4778642165425,3.912768119940424,4.927890929873507,73.75527426160349
3682,f1_esp,-22.481215848180035,-18.4778642165425,3.912768119940424,4.927890929873507,73.75527426160349
3683,f1_esp,-22.481215848180035,-18.4778642165425,3.912768119940424,4.927890929873507,73.75527426160349
3684,f1_esp,-22.481215848180035,-18.4778642165425,3.912768119940424,4.927890929873507,73.75527426160349
3685,f1_esp,-22.481215848180035,-18.4778642165425,3.912768119940424,4.927890929873507,73.75527426160349
3686,f1_esp,-22.481215848180035,-18.4778642165425,3.912768119940424,4.927890929873507,73.75527426160349
3687,f1_esp,-22.481215848180035,-18.4778642165425,3.912768119940424,4.927890929873507,73.75527426160349
3688,f1_esp,-22.481215848180035,-18.4778642165425,3.912768119940424,4.927890929873507,73.75527426160349
3689,f1_esp,-22.82817818120767,-18.8228792018426,3.7576061311062463,4.878603999712278,73.9662447257385
3690,f1_esp,-22.82817818120767,-18.8228792018426,3.7576061311062463,4.878603999712278,73.9662447257385
3691,f1_esp,-22.82817818120767,-18.8228792018426,3.7576061311062463,4.878603999712278,73.9662447257385
3692,f1_esp,-22.82817818120767,-18.8228792018426,3.7576061311062463,4.878603999712278,73.9662447257385
3693,f1_esp,-22.82817818120767,-18.8228792018426,3.7576061311062463,4.878603999712278,73.9662447257385
3694,f1_esp,-22.82817818120767,-18.8228792018426,3.7576061311062463,4.878603999712278,73.9662447257385
3695,f1_esp,-22.82817818120767,-18.8228792018426,3.7576061311062463,4.878603999712278,73.9662447257385
3696,f1_esp,-22.82817818120767,-18.8228792018426,3.7576061311062463,4.878603999712278,73.9662447257385
3697,f1_esp,-22.82817818120767,-18.8228792018426,3.7576061311062463,4.878603999712278,73.9662447257385
3698,f1_esp,-22.82817818120767,-18.8228792018426,3.7576061311062463,4.878603999712278,73.9662447257385
3699,f1_esp,-23.21697020525693,-19.105495968322327,3.594021206138047,4.771145445527766,74.13502109704653
3700,f1_esp,-23.21697020525693,-19.105495968322327,3.594021206138047,4.771145445527766,74.13502109704653
3701,f1_esp,-23.21697020525693,-19.105495968322327,3.594021206138047,4.771145445527766,74.13502109704653
3702,f1_esp,-23.21697020525693,-19.105495968322327,3.594021206138047,4.771145445527766,74.13502109704653
3703,f1_esp,-23.21697020525693,-19.105495968322327,3.594021206138047,4.771145445527766,74.13502109704653
3704,f1_esp,-23.21697020525693,-19.105495968322327,3.594021206138047,4.771145445527766,74.13502109704653
3705,f1_esp,-23.21697020525693,-19.105495968322327,3.594021206138047,4.771145445527766,74.13502109704653
3706,f1_esp,-23.21697020525693,-19.105495968322327,3.594021206138047,4.771145445527766,74.13502109704653
3707,f1_esp,-23.21697020525693,-19.105495968322327,3.594021206138047,4.771145445527766,74.13502109704653
3708,f1_esp,-23.21697020525693,-19.105495968322327,3.594021206138047,4.771145445527766,74.13502109704653
3709,f1_esp,-23.644728505004228,-19.317964042343494,3.419721746291389,4.792666578318661,74.30379746835455
3710,f1_esp,-23.644728505004228,-19.317964042343494,3.419721746291389,4.792666578318661,74.30379746835455
3711,f1_esp,-23.644728505004228,-19.317964042343494,3.419721746291389,4.792666578318661,74.30379746835455
3712,f1_esp,-23.644728505004228,-19.317964042343494,3.419721746291389,4.792666578318661,74.30379746835455
3713,f1_esp,-23.644728505004228,-19.317964042343494,3.419721746291389,4.792666578318661,74.30379746835455
3714,f1_esp,-23.644728505004228,-19.317964042343494,3.419721746291389,4.792666578318661,74.30379746835455
3715,f1_esp,-23.644728505004228,-19.317964042343494,3.419721746291389,4.792666578318661,74.30379746835455
3716,f1_esp,-23.644728505004228,-19.317964042343494,3.419721746291389,4.792666578318661,74.30379746835455
3717,f1_esp,-23.644728505004228,-19.317964042343494,3.419721746291389,4.792666578318661,74.30379746835455
3718,f1_esp,-23.644728505004228,-19.317964042343494,3.419721746291389,4.792666578318661,74.30379746835455
3719,f1_esp,-24.068105587226338,-19.443856543304786,3.1803653873995756,4.13525656621244,74.47257383966257
3720,f1_esp,-24.068105587226338,-19.443856543304786,3.1803653873995756,4.13525656621244,74.47257383966257
3721,f1_esp,-24.068105587226338,-19.443856543304786,3.1803653873995756,4.13525656621244,74.47257383966257
3722,f1_esp,-24.068105587226338,-19.443856543304786,3.1803653873995756,4.13525656621244,74.47257383966257
3723,f1_esp,-24.068105587226338,-19.443856543304786,3.1803653873995756,4.13525656621244,74.47257383966257
3724,f1_esp,-24.068105587226338,-19.443856543304786,3.1803653873995756,4.13525656621244,74.47257383966257
3725,f1_esp,-24.068105587226338,-19.443856543304786,3.1803653873995756,4.13525656621244,74.47257383966257
3726,f1_esp,-24.068105587226338,-19.443856543304786,3.1803653873995756,4.13525656621244,74.47257383966257
3727,f1_esp,-24.068105587226338,-19.443856543304786,3.1803653873995756,4.13525656621244,74.47257383966257
3728,f1_esp,-24.068105587226338,-19.443856543304786,3.1803653873995756,4.13525656621244,74.47257383966257
3729,f1_esp,-24.43547568910079,-19.495128376299018,3.1031632967139293,3.254518996367694,74.64135021097059
3730,f1_esp,-24.43547568910079,-19.495128376299018,3.1031632967139293,3.254518996367694,74.64135021097059
3731,f1_esp,-24.43547568910079,-19.495128376299018,3.1031632967139293,3.254518996367694,74.64135021097059
3732,f1_esp,-24.43547568910079,-19.495128376299018,3.1031632967139293,3.254518996367694,74.64135021097059
3733,f1_esp,-24.43547568910079,-19.495128376299018,3.1031632967139293,3.254518996367694,74.64135021097059
3734,f1_esp,-24.43547568910079,-19.495128376299018,3.1031632967139293,3.254518996367694,74.64135021097059
3735,f1_esp,-24.43547568910079,-19.495128376299018,3.1031632967139293,3.254518996367694,74.64135021097059
3736,f1_esp,-24.43547568910079,-19.495128376299018,3.1031632967139293,3.254518996367694,74.64135021097059
3737,f1_esp,-24.43547568910079,-19.495128376299018,3.1031632967139293,3.254518996367694,74.64135021097059
3738,f1_esp,-24.43547568910079,-19.495128376299018,3.1031632967139293,3.254518996367694,74.64135021097059
3739,f1_esp,-24.74748016223809,-19.508360477851753,3.1454459348000077,3.0402262613272866,74.76793248945161
3740,f1_esp,-24.74748016223809,-19.508360477851753,3.1454459348000077,3.0402262613272866,74.76793248945161
3741,f1_esp,-24.74748016223809,-19.508360477851753,3.1454459348000077,3.0402262613272866,74.76793248945161
3742,f1_esp,-24.74748016223809,-19.508360477851753,3.1454459348000077,3.0402262613272866,74.76793248945161
3743,f1_esp,-24.74748016223809,-19.508360477851753,3.1454459348000077,3.0402262613272866,74.76793248945161
3744,f1_esp,-24.74748016223809,-19.508360477851753,3.1454459348000077,3.0402262613272866,74.76793248945161
3745,f1_esp,-24.74748016223809,-19.508360477851753,3.1454459348000077,3.0402262613272866,74.76793248945161
3746,f1_esp,-24.74748016223809,-19.508360477851753,3.1454459348000077,3.0402262613272866,74.76793248945161
3747,f1_esp,-24.74748016223809,-19.508360477851753,3.1454459348000077,3.0402262613272866,74.76793248945161
3748,f1_esp,-24.74748016223809,-19.508360477851753,3.1454459348000077,3.0402262613272866,74.76793248945161
3749,f1_esp,-25.04994356903468,-19.516174858009826,3.169196867711423,3.0164143227312588,74.89451476793262
3750,f1_esp,-25.04994356903468,-19.516174858009826,3.169196867711423,3.0164143227312588,74.89451476793262
3751,f1_esp,-25.04994356903468,-19.516174858009826,3.169196867711423,3.0164143227312588,74.89451476793262
3752,f1_esp,-25.04994356903468,-19.516174858009826,3.169196867711423,3.0164143227312588,74.89451476793262
3753,f1_esp,-25.04994356903468,-19.516174858009826,3.169196867711423,3.0164143227312588,74.89451476793262
3754,f1_esp,-25.04994356903468,-19.516174858009826,3.169196867711423,3.0164143227312588,74.89451476793262
3755,f1_esp,-25.04994356903468,-19.516174858009826,3.169196867711423,3.0164143227312588,74.89451476793262
3756,f1_esp,-25.04994356903468,-19.516174858009826,3.169196867711423,3.0164143227312588,74.89451476793262
3757,f1_esp,-25.04994356903468,-19.516174858009826,3.169196867711423,3.0164143227312588,74.89451476793262
3758,f1_esp,-25.04994356903468,-19.516174858009826,3.169196867711423,3.0164143227312588,74.89451476793262
3759,f1_esp,-25.353272207436653,-19.52060894623704,3.1436022445615595,3.051701259079024,74.97890295358663
3760,f1_esp,-25.353272207436653,-19.52060894623704,3.1436022445615595,3.051701259079024,74.97890295358663
3761,f1_esp,-25.353272207436653,-19.52060894623704,3.1436022445615595,3.051701259079024,74.97890295358663
3762,f1_esp,-25.353272207436653,-19.52060894623704,3.1436022445615595,3.051701259079024,74.97890295358663
3763,f1_esp,-25.353272207436653,-19.52060894623704,3.1436022445615595,3.051701259079024,74.97890295358663
3764,f1_esp,-25.353272207436653,-19.52060894623704,3.1436022445615595,3.051701259079024,74.97890295358663
3765,f1_esp,-25.353272207436653,-19.52060894623704,3.1436022445615595,3.051701259079024,74.97890295358663
3766,f1_esp,-25.353272207436653,-19.52060894623704,3.1436022445615595,3.051701259079024,74.97890295358663
3767,f1_esp,-25.353272207436653,-19.52060894623704,3.1436022445615595,3.051701259079024,74.97890295358663
3768,f1_esp,-25.353272207436653,-19.52060894623704,3.1436022445615595,3.051701259079024,74.97890295358663
3769,f1_esp,-25.65955788423359,-19.511506940248502,3.0806214314349334,3.078017725375889,75.10548523206764
3770,f1_esp,-25.65955788423359,-19.511506940248502,3.0806214314349334,3.078017725375889,75.10548523206764
3771,f1_esp,-25.65955788423359,-19.511506940248502,3.0806214314349334,3.078017725375889,75.10548523206764
3772,f1_esp,-25.65955788423359,-19.511506940248502,3.0806214314349334,3.078017725375889,75.10548523206764
3773,f1_esp,-25.65955788423359,-19.511506940248502,3.0806214314349334,3.078017725375889,75.10548523206764
3774,f1_esp,-25.65955788423359,-19.511506940248502,3.0806214314349334,3.078017725375889,75.10548523206764
3775,f1_esp,-25.65955788423359,-19.511506940248502,3.0806214314349334,3.078017725375889,75.10548523206764
3776,f1_esp,-25.65955788423359,-19.511506940248502,3.0806214314349334,3.078017725375889,75.10548523206764
3777,f1_esp,-25.65955788423359,-19.511506940248502,3.0806214314349334,3.078017725375889,75.10548523206764
3778,f1_esp,-25.65955788423359,-19.511506940248502,3.0806214314349334,3.078017725375889,75.10548523206764
3779,f1_esp,-25.96667346023803,-19.482858577951554,3.013850423675419,3.0924091786745147,75.23206751054866
3780,f1_esp,-25.96667346023803,-19.482858577951554,3.013850423675419,3.0924091786745147,75.23206751054866
3781,f1_esp,-25.96667346023803,-19.482858577951554,3.013850423675419,3.0924091786745147,75.23206751054866
3782,f1_esp,-25.96667346023803,-19.482858577951554,3.013850423675419,3.0924091786745147,75.23206751054866
3783,f1_esp,-25.96667346023803,-19.482858577951554,3.013850423675419,3.0924091786745147,75.23206751054866
3784,f1_esp,-25.96667346023803,-19.482858577951554,3.013850423675419,3.0924091786745147,75.23206751054866
3785,f1_esp,-25.96667346023803,-19.482858577951554,3.013850423675419,3.0924091786745147,75.23206751054866
3786,f1_esp,-25.96667346023803,-19.482858577951554,3.013850423675419,3.0924091786745147,75.23206751054866
3787,f1_esp,-25.96667346023803,-19.482858577951554,3.013850423675419,3.0924091786745147,75.23206751054866
3788,f1_esp,-25.96667346023803,-19.482858577951554,3.013850423675419,3.0924091786745147,75.23206751054866
3789,f1_esp,-26.278633610272603,-19.435378318735154,2.960552073582438,3.2221611836172817,75.35864978902967
3790,f1_esp,-26.278633610272603,-19.435378318735154,2.960552073582438,3.2221611836172817,75.35864978902967
3791,f1_esp,-26.278633610272603,-19.435378318735154,2.960552073582438,3.2221611836172817,75.35864978902967
3792,f1_esp,-26.278633610272603,-19.435378318735154,2.960552073582438,3.2221611836172817,75.35864978902967
3793,f1_esp,-26.278633610272603,-19.435378318735154,2.960552073582438,3.2221611836172817,75.35864978902967
3794,f1_esp,-26.278633610272603,-19.435378318735154,2.960552073582438,3.2221611836172817,75.35864978902967
3795,f1_esp,-26.278633610272603,-19.435378318735154,2.960552073582438,3.2221611836172817,75.35864978902967
3796,f1_esp,-26.278633610272603,-19.435378318735154,2.960552073582438,3.2221611836172817,75.35864978902967
3797,f1_esp,-26.278633610272603,-19.435378318735154,2.960552073582438,3.2221611836172817,75.35864978902967
3798,f1_esp,-26.278633610272603,-19.435378318735154,2.960552073582438,3.2221611836172817,75.35864978902967
3799,f1_esp,-26.599095940853683,-19.369682798229313,2.9181603941762084,3.322778024012486,75.4852320675107
3800,f1_esp,-26.599095940853683,-19.369682798229313,2.9181603941762084,3.322778024012486,75.4852320675107
3801,f1_esp,-26.599095940853683,-19.369682798229313,2.9181603941762084,3.322778024012486,75.4852320675107
3802,f1_esp,-26.599095940853683,-19.369682798229313,2.9181603941762084,3.322778024012486,75.4852320675107
3803,f1_esp,-26.599095940853683,-19.369682798229313,2.9181603941762084,3.322778024012486,75.4852320675107
3804,f1_esp,-26.599095940853683,-19.369682798229313,2.9181603941762084,3.322778024012486,75.4852320675107
3805,f1_esp,-26.599095940853683,-19.369682798229313,2.9181603941762084,3.322778024012486,75.4852320675107
3806,f1_esp,-26.599095940853683,-19.369682798229313,2.9181603941762084,3.322778024012486,75.4852320675107
3807,f1_esp,-26.599095940853683,-19.369682798229313,2.9181603941762084,3.322778024012486,75.4852320675107
3808,f1_esp,-26.599095940853683,-19.369682798229313,2.9181603941762084,3.322778024012486,75.4852320675107
3809,f1_esp,-26.92852266580508,-19.293322068161686,2.9009792433796293,3.44296543163796,75.61181434599172
3810,f1_esp,-26.92852266580508,-19.293322068161686,2.9009792433796293,3.44296543163796,75.61181434599172
3811,f1_esp,-26.92852266580508,-19.293322068161686,2.9009792433796293,3.44296543163796,75.61181434599172
3812,f1_esp,-26.92852266580508,-19.293322068161686,2.9009792433796293,3.44296543163796,75.61181434599172
3813,f1_esp,-26.92852266580508,-19.293322068161686,2.9009792433796293,3.44296543163796,75.61181434599172
3814,f1_esp,-26.92852266580508,-19.293322068161686,2.9009792433796293,3.44296543163796,75.61181434599172
3815,f1_esp,-26.92852266580508,-19.293322068161686,2.9009792433796293,3.44296543163796,75.61181434599172
3816,f1_esp,-26.92852266580508,-19.293322068161686,2.9009792433796293,3.44296543163796,75.61181434599172
3817,f1_esp,-26.92852266580508,-19.293322068161686,2.9009792433796293,3.44296543163796,75.61181434599172
3818,f1_esp,-26.92852266580508,-19.293322068161686,2.9009792433796293,3.44296543163796,75.61181434599172
3819,f1_esp,-27.270830429939632,-19.207853122947196,2.887615063656661,3.6168908861479485,75.78059071729973
3820,f1_esp,-27.270830429939632,-19.207853122947196,2.887615063656661,3.6168908861479485,75.78059071729973
3821,f1_esp,-27.270830429939632,-19.207853122947196,2.887615063656661,3.6168908861479485,75.78059071729973
3822,f1_esp,-27.270830429939632,-19.207853122947196,2.887615063656661,3.6168908861479485,75.78059071729973
3823,f1_esp,-27.270830429939632,-19.207853122947196,2.887615063656661,3.6168908861479485,75.78059071729973
3824,f1_esp,-27.270830429939632,-19.207853122947196,2.887615063656661,3.6168908861479485,75.78059071729973
3825,f1_esp,-27.270830429939632,-19.207853122947196,2.887615063656661,3.6168908861479485,75.78059071729973
3826,f1_esp,-27.270830429939632,-19.207853122947196,2.887615063656661,3.6168908861479485,75.78059071729973
3827,f1_esp,-27.270830429939632,-19.207853122947196,2.887615063656661,3.6168908861479485,75.78059071729973
3828,f1_esp,-27.270830429939632,-19.207853122947196,2.887615063656661,3.6168908861479485,75.78059071729973
3829,f1_esp,-27.628993894660603,-19.113182000131353,2.873567202134751,3.7960250735976055,75.94936708860776
3830,f1_esp,-27.628993894660603,-19.113182000131353,2.873567202134751,3.7960250735976055,75.94936708860776
3831,f1_esp,-27.628993894660603,-19.113182000131353,2.873567202134751,3.7960250735976055,75.94936708860776
3832,f1_esp,-27.628993894660603,-19.113182000131353,2.873567202134751,3.7960250735976055,75.94936708860776
3833,f1_esp,-27.628993894660603,-19.113182000131353,2.873567202134751,3.7960250735976055,75.94936708860776
3834,f1_esp,-27.628993894660603,-19.113182000131353,2.873567202134751,3.7960250735976055,75.94936708860776
3835,f1_esp,-27.628993894660603,-19.113182000131353,2.873567202134751,3.7960250735976055,75.94936708860776
3836,f1_esp,-27.628993894660603,-19.113182000131353,2.873567202134751,3.7960250735976055,75.94936708860776
3837,f1_esp,-27.628993894660603,-19.113182000131353,2.873567202134751,3.7960250735976055,75.94936708860776
3838,f1_esp,-27.628993894660603,-19.113182000131353,2.873567202134751,3.7960250735976055,75.94936708860776
3839,f1_esp,-28.005119886664886,-19.008217822368877,2.859050373326954,4.01841891313177,76.11814345991577
3840,f1_esp,-28.005119886664886,-19.008217822368877,2.859050373326954,4.01841891313177,76.11814345991577
3841,f1_esp,-28.005119886664886,-19.008217822368877,2.859050373326954,4.01841891313177,76.11814345991577
3842,f1_esp,-28.005119886664886,-19.008217822368877,2.859050373326954,4.01841891313177,76.11814345991577
3843,f1_esp,-28.005119886664886,-19.008217822368877,2.859050373326954,4.01841891313177,76.11814345991577
3844,f1_esp,-28.005119886664886,-19.008217822368877,2.859050373326954,4.01841891313177,76.11814345991577
3845,f1_esp,-28.005119886664886,-19.008217822368877,2.859050373326954,4.01841891313177,76.11814345991577
3846,f1_esp,-28.005119886664886,-19.008217822368877,2.859050373326954,4.01841891313177,76.11814345991577
3847,f1_esp,-28.005119886664886,-19.008217822368877,2.859050373326954,4.01841891313177,76.11814345991577
3848,f1_esp,-28.005119886664886,-19.008217822368877,2.859050373326954,4.01841891313177,76.11814345991577
3849,f1_esp,-28.400698431045598,-18.891841857496445,2.8411854543814297,4.232786032967815,76.28691983122378
3850,f1_esp,-28.400698431045598,-18.891841857496445,2.8411854543814297,4.232786032967815,76.28691983122378
3851,f1_esp,-28.400698431045598,-18.891841857496445,2.8411854543814297,4.232786032967815,76.28691983122378
3852,f1_esp,-28.400698431045598,-18.891841857496445,2.8411854543814297,4.232786032967815,76.28691983122378
3853,f1_esp,-28.400698431045598,-18.891841857496445,2.8411854543814297,4.232786032967815,76.28691983122378
3854,f1_esp,-28.400698431045598,-18.891841857496445,2.8411854543814297,4.232786032967815,76.28691983122378
3855,f1_esp,-28.400698431045598,-18.891841857496445,2.8411854543814297,4.232786032967815,76.28691983122378
3856,f1_esp,-28.400698431045598,-18.891841857496445,2.8411854543814297,4.232786032967815,76.28691983122378
3857,f1_esp,-28.400698431045598,-18.891841857496445,2.8411854543814297,4.232786032967815,76.28691983122378
3858,f1_esp,-28.400698431045598,-18.891841857496445,2.8411854543814297,4.232786032967815,76.28691983122378
3859,f1_esp,-28.812439724875276,-18.757444978382686,2.7957797269051192,4.43412974261764,76.45569620253181
3860,f1_esp,-28.812439724875276,-18.757444978382686,2.7957797269051192,4.43412974261764,76.45569620253181
3861,f1_esp,-28.812439724875276,-18.757444978382686,2.7957797269051192,4.43412974261764,76.45569620253181
3862,f1_esp,-28.812439724875276,-18.757444978382686,2.7957797269051192,4.43412974261764,76.45569620253181
3863,f1_esp,-28.812439724875276,-18.757444978382686,2.7957797269051192,4.43412974261764,76.45569620253181
3864,f1_esp,-28.812439724875276,-18.757444978382686,2.7957797269051192,4.43412974261764,76.45569620253181
3865,f1_esp,-28.812439724875276,-18.757444978382686,2.7957797269051192,4.43412974261764,76.45569620253181
3866,f1_esp,-28.812439724875276,-18.757444978382686,2.7957797269051192,4.43412974261764,76.45569620253181
3867,f1_esp,-28.812439724875276,-18.757444978382686,2.7957797269051192,4.43412974261764,76.45569620253181
3868,f1_esp,-28.812439724875276,-18.757444978382686,2.7957797269051192,4.43412974261764,76.45569620253181
3869,f1_esp,-29.235597938276996,-18.6023908821807,2.76144346465377,4.58255026848459,76.66666666666683
3870,f1_esp,-29.235597938276996,-18.6023908821807,2.76144346465377,4.58255026848459,76.66666666666683
3871,f1_esp,-29.235597938276996,-18.6023908821807,2.76144346465377,4.58255026848459,76.66666666666683
3872,f1_esp,-29.235597938276996,-18.6023908821807,2.76144346465377,4.58255026848459,76.66666666666683
3873,f1_esp,-29.235597938276996,-18.6023908821807,2.76144346465377,4.58255026848459,76.66666666666683
3874,f1_esp,-29.235597938276996,-18.6023908821807,2.76144346465377,4.58255026848459,76.66666666666683
3875,f1_esp,-29.235597938276996,-18.6023908821807,2.76144346465377,4.58255026848459,76.66666666666683
3876,f1_esp,-29.235597938276996,-18.6023908821807,2.76144346465377,4.58255026848459,76.66666666666683
3877,f1_esp,-29.235597938276996,-18.6023908821807,2.76144346465377,4.58255026848459,76.66666666666683
3878,f1_esp,-29.235597938276996,-18.6023908821807,2.76144346465377,4.58255026848459,76.66666666666683
3879,f1_esp,-29.666203498592584,-18.43251175424529,2.7466481141305095,4.6775912387954435,76.83544303797485
3880,f1_esp,-29.666203498592584,-18.43251175424529,2.7466481141305095,4.6775912387954435,76.83544303797485
3881,f1_esp,-29.666203498592584,-18.43251175424529,2.7466481141305095,4.6775912387954435,76.83544303797485
3882,f1_esp,-29.666203498592584,-18.43251175424529,2.7466481141305095,4.6775912387954435,76.83544303797485
3883,f1_esp,-29.666203498592584,-18.43251175424529,2.7466481141305095,4.6775912387954435,76.83544303797485
3884,f1_esp,-29.666203498592584,-18.43251175424529,2.7466481141305095,4.6775912387954435,76.83544303797485
3885,f1_esp,-29.666203498592584,-18.43251175424529,2.7466481141305095,4.6775912387954435,76.83544303797485
3886,f1_esp,-29.666203498592584,-18.43251175424529,2.7466481141305095,4.6775912387954435,76.83544303797485
3887,f1_esp,-29.666203498592584,-18.43251175424529,2.7466481141305095,4.6775912387954435,76.83544303797485
3888,f1_esp,-29.666203498592584,-18.43251175424529,2.7466481141305095,4.6775912387954435,76.83544303797485
3889,f1_esp,-30.1028533659782,-18.254572857625103,2.755109160404367,4.754216497669118,77.04641350210987
3890,f1_esp,-30.1028533659782,-18.254572857625103,2.755109160404367,4.754216497669118,77.04641350210987
3891,f1_esp,-30.1028533659782,-18.254572857625103,2.755109160404367,4.754216497669118,77.04641350210987
3892,f1_esp,-30.1028533659782,-18.254572857625103,2.755109160404367,4.754216497669118,77.04641350210987
3893,f1_esp,-30.1028533659782,-18.254572857625103,2.755109160404367,4.754216497669118,77.04641350210987
3894,f1_esp,-30.1028533659782,-18.254572857625103,2.755109160404367,4.754216497669118,77.04641350210987
3895,f1_esp,-30.1028533659782,-18.254572857625103,2.755109160404367,4.754216497669118,77.04641350210987
3896,f1_esp,-30.1028533659782,-18.254572857625103,2.755109160404367,4.754216497669118,77.04641350210987
3897,f1_esp,-30.1028533659782,-18.254572857625103,2.755109160404367,4.754216497669118,77.04641350210987
3898,f1_esp,-30.1028533659782,-18.254572857625103,2.755109160404367,4.754216497669118,77.04641350210987
3899,f1_esp,-30.546981427218956,-18.076610607673107,2.7751271138623537,4.816199876251579,77.25738396624489
3900,f1_esp,-30.546981427218956,-18.076610607673107,2.7751271138623537,4.816199876251579,77.25738396624489
3901,f1_esp,-30.546981427218956,-18.076610607673107,2.7751271138623537,4.816199876251579,77.25738396624489
3902,f1_esp,-30.546981427218956,-18.076610607673107,2.7751271138623537,4.816199876251579,77.25738396624489
3903,f1_esp,-30.546981427218956,-18.076610607673107,2.7751271138623537,4.816199876251579,77.25738396624489
3904,f1_esp,-30.546981427218956,-18.076610607673107,2.7751271138623537,4.816199876251579,77.25738396624489
3905,f1_esp,-30.546981427218956,-18.076610607673107,2.7751271138623537,4.816199876251579,77.25738396624489
3906,f1_esp,-30.546981427218956,-18.076610607673107,2.7751271138623537,4.816199876251579,77.25738396624489
3907,f1_esp,-30.546981427218956,-18.076610607673107,2.7751271138623537,4.816199876251579,77.25738396624489
3908,f1_esp,-30.546981427218956,-18.076610607673107,2.7751271138623537,4.816199876251579,77.25738396624489
3909,f1_esp,-30.996707875753767,-17.90001263860157,2.7668673566340636,4.847567994419582,77.4261603375529
3910,f1_esp,-30.996707875753767,-17.90001263860157,2.7668673566340636,4.847567994419582,77.4261603375529
3911,f1_esp,-30.996707875753767,-17.90001263860157,2.7668673566340636,4.847567994419582,77.4261603375529
3912,f1_esp,-30.996707875753767,-17.90001263860157,2.7668673566340636,4.847567994419582,77.4261603375529
3913,f1_esp,-30.996707875753767,-17.90001263860157,2.7668673566340636,4.847567994419582,77.4261603375529
3914,f1_esp,-30.996707875753767,-17.90001263860157,2.7668673566340636,4.847567994419582,77.4261603375529
3915,f1_esp,-30.996707875753767,-17.90001263860157,2.7668673566340636,4.847567994419582,77.4261603375529
3916,f1_esp,-30.996707875753767,-17.90001263860157,2.7668673566340636,4.847567994419582,77.4261603375529
3917,f1_esp,-30.996707875753767,-17.90001263860157,2.7668673566340636,4.847567994419582,77.4261603375529
3918,f1_esp,-30.996707875753767,-17.90001263860157,2.7668673566340636,4.847567994419582,77.4261603375529
3919,f1_esp,-31.44845053189211,-17.720078488101738,2.752158072510395,4.878246745731342,77.67932489451493
3920,f1_esp,-31.44845053189211,-17.720078488101738,2.752158072510395,4.878246745731342,77.67932489451493
3921,f1_esp,-31.44845053189211,-17.720078488101738,2.752158072510395,4.878246745731342,77.67932489451493
3922,f1_esp,-31.44845053189211,-17.720078488101738,2.752158072510395,4.878246745731342,77.67932489451493
3923,f1_esp,-31.44845053189211,-17.720078488101738,2.752158072510395,4.878246745731342,77.67932489451493
3924,f1_esp,-31.44845053189211,-17.720078488101738,2.752158072510395,4.878246745731342,77.67932489451493
3925,f1_esp,-31.44845053189211,-17.720078488101738,2.752158072510395,4.878246745731342,77.67932489451493
3926,f1_esp,-31.44845053189211,-17.720078488101738,2.752158072510395,4.878246745731342,77.67932489451493
3927,f1_esp,-31.44845053189211,-17.720078488101738,2.752158072510395,4.878246745731342,77.67932489451493
3928,f1_esp,-31.44845053189211,-17.720078488101738,2.752158072510395,4.878246745731342,77.67932489451493
3929,f1_esp,-31.901887061746095,-17.53741573471449,2.7556976177988606,4.89910329167309,77.89029535864995
3930,f1_esp,-31.901887061746095,-17.53741573471449,2.7556976177988606,4.89910329167309,77.89029535864995
3931,f1_esp,-31.901887061746095,-17.53741573471449,2.7556976177988606,4.89910329167309,77.89029535864995
3932,f1_esp,-31.901887061746095,-17.53741573471449,2.7556976177988606,4.89910329167309,77.89029535864995
3933,f1_esp,-31.901887061746095,-17.53741573471449,2.7556976177988606,4.89910329167309,77.89029535864995
3934,f1_esp,-31.901887061746095,-17.53741573471449,2.7556976177988606,4.89910329167309,77.89029535864995
3935,f1_esp,-31.901887061746095,-17.53741573471449,2.7556976177988606,4.89910329167309,77.89029535864995
3936,f1_esp,-31.901887061746095,-17.53741573471449,2.7556976177988606,4.89910329167309,77.89029535864995
3937,f1_esp,-31.901887061746095,-17.53741573471449,2.7556976177988606,4.89910329167309,77.89029535864995
3938,f1_esp,-31.901887061746095,-17.53741573471449,2.7556976177988606,4.89910329167309,77.89029535864995
3939,f1_esp,-32.35422073296419,-17.345798920311648,2.7031280023035618,4.926726239071767,78.05907172995798
3940,f1_esp,-32.35422073296419,-17.345798920311648,2.7031280023035618,4.926726239071767,78.05907172995798
3941,f1_esp,-32.35422073296419,-17.345798920311648,2.7031280023035618,4.926726239071767,78.05907172995798
3942,f1_esp,-32.35422073296419,-17.345798920311648,2.7031280023035618,4.926726239071767,78.05907172995798
3943,f1_esp,-32.35422073296419,-17.345798920311648,2.7031280023035618,4.926726239071767,78.05907172995798
3944,f1_esp,-32.35422073296419,-17.345798920311648,2.7031280023035618,4.926726239071767,78.05907172995798
3945,f1_esp,-32.35422073296419,-17.345798920311648,2.7031280023035618,4.926726239071767,78.05907172995798
3946,f1_esp,-32.35422073296419,-17.345798920311648,2.7031280023035618,4.926726239071767,78.05907172995798
3947,f1_esp,-32.35422073296419,-17.345798920311648,2.7031280023035618,4.926726239071767,78.05907172995798
3948,f1_esp,-32.35422073296419,-17.345798920311648,2.7031280023035618,4.926726239071767,78.05907172995798
3949,f1_esp,-32.796526598567446,-17.127593248023445,2.5859828540182987,4.940623330649374,78.270042194093
3950,f1_esp,-32.796526598567446,-17.127593248023445,2.5859828540182987,4.940623330649374,78.270042194093
3951,f1_esp,-32.796526598567446,-17.127593248023445,2.5859828540182987,4.940623330649374,78.270042194093
3952,f1_esp,-32.796526598567446,-17.127593248023445,2.5859828540182987,4.940623330649374,78.270042194093
3953,f1_esp,-32.796526598567446,-17.127593248023445,2.5859828540182987,4.940623330649374,78.270042194093
3954,f1_esp,-32.796526598567446,-17.127593248023445,2.5859828540182987,4.940623330649374,78.270042194093
3955,f1_esp,-32.796526598567446,-17.127593248023445,2.5859828540182987,4.940623330649374,78.270042194093
3956,f1_esp,-32.796526598567446,-17.127593248023445,2.5859828540182987,4.940623330649374,78.270042194093
3957,f1_esp,-32.796526598567446,-17.127593248023445,2.5859828540182987,4.940623330649374,78.270042194093
3958,f1_esp,-32.796526598567446,-17.127593248023445,2.5859828540182987,4.940623330649374,78.270042194093
3959,f1_esp,-33.196220479497356,-16.865090087924795,2.342504973883316,4.6910075187279485,78.43881856540101
3960,f1_esp,-33.196220479497356,-16.865090087924795,2.342504973883316,4.6910075187279485,78.43881856540101
3961,f1_esp,-33.196220479497356,-16.865090087924795,2.342504973883316,4.6910075187279485,78.43881856540101
3962,f1_esp,-33.196220479497356,-16.865090087924795,2.342504973883316,4.6910075187279485,78.43881856540101
3963,f1_esp,-33.196220479497356,-16.865090087924795,2.342504973883316,4.6910075187279485,78.43881856540101
3964,f1_esp,-33.196220479497356,-16.865090087924795,2.342504973883316,4.6910075187279485,78.43881856540101
3965,f1_esp,-33.196220479497356,-16.865090087924795,2.342504973883316,4.6910075187279485,78.43881856540101
3966,f1_esp,-33.196220479497356,-16.865090087924795,2.342504973883316,4.6910075187279485,78.43881856540101
3967,f1_esp,-33.196220479497356,-16.865090087924795,2.342504973883316,4.6910075187279485,78.43881856540101
3968,f1_esp,-33.196220479497356,-16.865090087924795,2.342504973883316,4.6910075187279485,78.43881856540101
3969,f1_esp,-33.51623414981858,-16.52914164954576,2.069325090471103,4.629023453481385,78.60759493670903
3970,f1_esp,-33.51623414981858,-16.52914164954576,2.069325090471103,4.629023453481385,78.60759493670903
3971,f1_esp,-33.51623414981858,-16.52914164954576,2.069325090471103,4.629023453481385,78.60759493670903
3972,f1_esp,-33.51623414981858,-16.52914164954576,2.069325090471103,4.629023453481385,78.60759493670903
3973,f1_esp,-33.51623414981858,-16.52914164954576,2.069325090471103,4.629023453481385,78.60759493670903
3974,f1_esp,-33.51623414981858,-16.52914164954576,2.069325090471103,4.629023453481385,78.60759493670903
3975,f1_esp,-33.51623414981858,-16.52914164954576,2.069325090471103,4.629023453481385,78.60759493670903
3976,f1_esp,-33.51623414981858,-16.52914164954576,2.069325090471103,4.629023453481385,78.60759493670903
3977,f1_esp,-33.51623414981858,-16.52914164954576,2.069325090471103,4.629023453481385,78.60759493670903
3978,f1_esp,-33.51623414981858,-16.52914164954576,2.069325090471103,4.629023453481385,78.60759493670903
3979,f1_esp,-33.7430914934595,-16.118969876194036,1.8445137269769654,4.771965193883748,78.77637130801706
3980,f1_esp,-33.7430914934595,-16.118969876194036,1.8445137269769654,4.771965193883748,78.77637130801706
3981,f1_esp,-33.7430914934595,-16.118969876194036,1.8445137269769654,4.771965193883748,78.77637130801706
3982,f1_esp,-33.7430914934595,-16.118969876194036,1.8445137269769654,4.771965193883748,78.77637130801706
3983,f1_esp,-33.7430914934595,-16.118969876194036,1.8445137269769654,4.771965193883748,78.77637130801706
3984,f1_esp,-33.7430914934595,-16.118969876194036,1.8445137269769654,4.771965193883748,78.77637130801706
3985,f1_esp,-33.7430914934595,-16.118969876194036,1.8445137269769654,4.771965193883748,78.77637130801706
3986,f1_esp,-33.7430914934595,-16.118969876194036,1.8445137269769654,4.771965193883748,78.77637130801706
3987,f1_esp,-33.7430914934595,-16.118969876194036,1.8445137269769654,4.771965193883748,78.77637130801706
3988,f1_esp,-33.7430914934595,-16.118969876194036,1.8445137269769654,4.771965193883748,78.77637130801706
3989,f1_esp,-33.86469262279497,-15.702718062883603,1.5034338953242858,3.8375551021366534,78.94514767932506
3990,f1_esp,-33.86469262279497,-15.702718062883603,1.5034338953242858,3.8375551021366534,78.94514767932506
3991,f1_esp,-33.86469262279497,-15.702718062883603,1.5034338953242858,3.8375551021366534,78.94514767932506
3992,f1_esp,-33.86469262279497,-15.702718062883603,1.5034338953242858,3.8375551021366534,78.94514767932506
3993,f1_esp,-33.86469262279497,-15.702718062883603,1.5034338953242858,3.8375551021366534,78.94514767932506
3994,f1_esp,-33.86469262279497,-15.702718062883603,1.5034338953242858,3.8375551021366534,78.94514767932506
3995,f1_esp,-33.86469262279497,-15.702718062883603,1.5034338953242858,3.8375551021366534,78.94514767932506
3996,f1_esp,-33.86469262279497,-15.702718062883603,1.5034338953242858,3.8375551021366534,78.94514767932506
3997,f1_esp,-33.86469262279497,-15.702718062883603,1.5034338953242858,3.8375551021366534,78.94514767932506
3998,f1_esp,-33.86469262279497,-15.702718062883603,1.5034338953242858,3.8375551021366534,78.94514767932506
3999,f1_esp,-33.88595169088721,-15.353177918986132,1.4101618338261894,3.281408633890931,79.0717299578061
4000,f1_esp,-33.88595169088721,-15.353177918986132,1.4101618338261894,3.281408633890931,79.0717299578061
4001,f1_esp,-33.88595169088721,-15.353177918986132,1.4101618338261894,3.281408633890931,79.0717299578061
4002,f1_esp,-33.88595169088721,-15.353177918986132,1.4101618338261894,3.281408633890931,79.0717299578061
4003,f1_esp,-33.88595169088721,-15.353177918986132,1.4101618338261894,3.281408633890931,79.0717299578061
4004,f1_esp,-33.88595169088721,-15.353177918986132,1.4101618338261894,3.281408633890931,79.0717299578061
4005,f1_esp,-33.88595169088721,-15.353177918986132,1.4101618338261894,3.281408633890931,79.0717299578061
4006,f1_esp,-33.88595169088721,-15.353177918986132,1.4101618338261894,3.281408633890931,79.0717299578061
4007,f1_esp,-33.88595169088721,-15.353177918986132,1.4101618338261894,3.281408633890931,79.0717299578061
4008,f1_esp,-33.88595169088721,-15.353177918986132,1.4101618338261894,3.281408633890931,79.0717299578061
4009,f1_esp,-33.86852871412191,-15.020187760930023,1.5294154685562924,3.3897857686263535,79.19831223628711
4010,f1_esp,-33.86852871412191,-15.020187760930023,1.5294154685562924,3.3897857686263535,79.19831223628711
4011,f1_esp,-33.86852871412191,-15.020187760930023,1.5294154685562924,3.3897857686263535,79.19831223628711
4012,f1_esp,-33.86852871412191,-15.020187760930023,1.5294154685562924,3.3897857686263535,79.19831223628711
4013,f1_esp,-33.86852871412191,-15.020187760930023,1.5294154685562924,3.3897857686263535,79.19831223628711
4014,f1_esp,-33.86852871412191,-15.020187760930023,1.5294154685562924,3.3897857686263535,79.19831223628711
4015,f1_esp,-33.86852871412191,-15.020187760930023,1.5294154685562924,3.3897857686263535,79.19831223628711
4016,f1_esp,-33.86852871412191,-15.020187760930023,1.5294154685562924,3.3897857686263535,79.19831223628711
4017,f1_esp,-33.86852871412191,-15.020187760930023,1.5294154685562924,3.3897857686263535,79.19831223628711
4018,f1_esp,-33.86852871412191,-15.020187760930023,1.5294154685562924,3.3897857686263535,79.19831223628711
4019,f1_esp,-33.863942630882015,-14.683476481885432,1.6015056854151382,3.3540327153349305,79.32489451476813
4020,f1_esp,-33.863942630882015,-14.683476481885432,1.6015056854151382,3.3540327153349305,79.32489451476813
4021,f1_esp,-33.863942630882015,-14.683476481885432,1.6015056854151382,3.3540327153349305,79.32489451476813
4022,f1_esp,-33.863942630882015,-14.683476481885432,1.6015056854151382,3.3540327153349305,79.32489451476813
4023,f1_esp,-33.863942630882015,-14.683476481885432,1.6015056854151382,3.3540327153349305,79.32489451476813
4024,f1_esp,-33.863942630882015,-14.683476481885432,1.6015056854151382,3.3540327153349305,79.32489451476813
4025,f1_esp,-33.863942630882015,-14.683476481885432,1.6015056854151382,3.3540327153349305,79.32489451476813
4026,f1_esp,-33.863942630882015,-14.683476481885432,1.6015056854151382,3.3540327153349305,79.32489451476813
4027,f1_esp,-33.863942630882015,-14.683476481885432,1.6015056854151382,3.3540327153349305,79.32489451476813
4028,f1_esp,-33.863942630882015,-14.683476481885432,1.6015056854151382,3.3540327153349305,79.32489451476813
4029,f1_esp,-33.87683771780423,-14.33844683296831,1.6309047860897312,3.55575007364682,79.49367088607615
4030,f1_esp,-33.87683771780423,-14.33844683296831,1.6309047860897312,3.55575007364682,79.49367088607615
4031,f1_esp,-33.87683771780423,-14.33844683296831,1.6309047860897312,3.55575007364682,79.49367088607615
4032,f1_esp,-33.87683771780423,-14.33844683296831,1.6309047860897312,3.55575007364682,79.49367088607615
4033,f1_esp,-33.87683771780423,-14.33844683296831,1.6309047860897312,3.55575007364682,79.49367088607615
4034,f1_esp,-33.87683771780423,-14.33844683296831,1.6309047860897312,3.55575007364682,79.49367088607615
4035,f1_esp,-33.87683771780423,-14.33844683296831,1.6309047860897312,3.55575007364682,79.49367088607615
4036,f1_esp,-33.87683771780423,-14.33844683296831,1.6309047860897312,3.55575007364682,79.49367088607615
4037,f1_esp,-33.87683771780423,-14.33844683296831,1.6309047860897312,3.55575007364682,79.49367088607615
4038,f1_esp,-33.87683771780423,-14.33844683296831,1.6309047860897312,3.55575007364682,79.49367088607615
4039,f1_esp,-33.89804385260357,-13.970500969710923,1.6309213977408494,3.820668211381091,79.62025316455717
4040,f1_esp,-33.89804385260357,-13.970500969710923,1.6309213977408494,3.820668211381091,79.62025316455717
4041,f1_esp,-33.89804385260357,-13.970500969710923,1.6309213977408494,3.820668211381091,79.62025316455717
4042,f1_esp,-33.89804385260357,-13.970500969710923,1.6309213977408494,3.820668211381091,79.62025316455717
4043,f1_esp,-33.89804385260357,-13.970500969710923,1.6309213977408494,3.820668211381091,79.62025316455717
4044,f1_esp,-33.89804385260357,-13.970500969710923,1.6309213977408494,3.820668211381091,79.62025316455717
4045,f1_esp,-33.89804385260357,-13.970500969710923,1.6309213977408494,3.820668211381091,79.62025316455717
4046,f1_esp,-33.89804385260357,-13.970500969710923,1.6309213977408494,3.820668211381091,79.62025316455717
4047,f1_esp,-33.89804385260357,-13.970500969710923,1.6309213977408494,3.820668211381091,79.62025316455717
4048,f1_esp,-33.89804385260357,-13.970500969710923,1.6309213977408494,3.820668211381091,79.62025316455717
4049,f1_esp,-33.91695261433897,-13.573439776277445,1.5991925888366079,4.136039564334859,79.78902953586518
4050,f1_esp,-33.91695261433897,-13.573439776277445,1.5991925888366079,4.136039564334859,79.78902953586518
4051,f1_esp,-33.91695261433897,-13.573439776277445,1.5991925888366079,4.136039564334859,79.78902953586518
4052,f1_esp,-33.91695261433897,-13.573439776277445,1.5991925888366079,4.136039564334859,79.78902953586518
4053,f1_esp,-33.91695261433897,-13.573439776277445,1.5991925888366079,4.136039564334859,79.78902953586518
4054,f1_esp,-33.91695261433897,-13.573439776277445,1.5991925888366079,4.136039564334859,79.78902953586518
4055,f1_esp,-33.91695261433897,-13.573439776277445,1.5991925888366079,4.136039564334859,79.78902953586518
4056,f1_esp,-33.91695261433897,-13.573439776277445,1.5991925888366079,4.136039564334859,79.78902953586518
4057,f1_esp,-33.91695261433897,-13.573439776277445,1.5991925888366079,4.136039564334859,79.78902953586518
4058,f1_esp,-33.91695261433897,-13.573439776277445,1.5991925888366079,4.136039564334859,79.78902953586518
4059,f1_esp,-33.922124271286606,-13.146084929094645,1.5395726993824181,4.418296552334962,79.9578059071732
4060,f1_esp,-33.922124271286606,-13.146084929094645,1.5395726993824181,4.418296552334962,79.9578059071732
4061,f1_esp,-33.922124271286606,-13.146084929094645,1.5395726993824181,4.418296552334962,79.9578059071732
4062,f1_esp,-33.922124271286606,-13.146084929094645,1.5395726993824181,4.418296552334962,79.9578059071732
4063,f1_esp,-33.922124271286606,-13.146084929094645,1.5395726993824181,4.418296552334962,79.9578059071732
4064,f1_esp,-33.922124271286606,-13.146084929094645,1.5395726993824181,4.418296552334962,79.9578059071732
4065,f1_esp,-33.922124271286606,-13.146084929094645,1.5395726993824181,4.418296552334962,79.9578059071732
4066,f1_esp,-33.922124271286606,-13.146084929094645,1.5395726993824181,4.418296552334962,79.9578059071732
4067,f1_esp,-33.922124271286606,-13.146084929094645,1.5395726993824181,4.418296552334962,79.9578059071732
4068,f1_esp,-33.922124271286606,-13.146084929094645,1.5395726993824181,4.418296552334962,79.9578059071732
4069,f1_esp,-33.902033246528994,-12.695581860796755,1.471815038821877,4.605450044807468,80.16877637130823
4070,f1_esp,-33.902033246528994,-12.695581860796755,1.471815038821877,4.605450044807468,80.16877637130823
4071,f1_esp,-33.902033246528994,-12.695581860796755,1.471815038821877,4.605450044807468,80.16877637130823
4072,f1_esp,-33.902033246528994,-12.695581860796755,1.471815038821877,4.605450044807468,80.16877637130823
4073,f1_esp,-33.902033246528994,-12.695581860796755,1.471815038821877,4.605450044807468,80.16877637130823
4074,f1_esp,-33.902033246528994,-12.695581860796755,1.471815038821877,4.605450044807468,80.16877637130823
4075,f1_esp,-33.902033246528994,-12.695581860796755,1.471815038821877,4.605450044807468,80.16877637130823
4076,f1_esp,-33.902033246528994,-12.695581860796755,1.471815038821877,4.605450044807468,80.16877637130823
4077,f1_esp,-33.902033246528994,-12.695581860796755,1.471815038821877,4.605450044807468,80.16877637130823
4078,f1_esp,-33.902033246528994,-12.695581860796755,1.471815038821877,4.605450044807468,80.16877637130823
4079,f1_esp,-33.858407851466154,-12.230555689647668,1.4240656421616131,4.739522700133168,80.33755274261624
4080,f1_esp,-33.858407851466154,-12.230555689647668,1.4240656421616131,4.739522700133168,80.33755274261624
4081,f1_esp,-33.858407851466154,-12.230555689647668,1.4240656421616131,4.739522700133168,80.33755274261624
4082,f1_esp,-33.858407851466154,-12.230555689647668,1.4240656421616131,4.739522700133168,80.33755274261624
4083,f1_esp,-33.858407851466154,-12.230555689647668,1.4240656421616131,4.739522700133168,80.33755274261624
4084,f1_esp,-33.858407851466154,-12.230555689647668,1.4240656421616131,4.739522700133168,80.33755274261624
4085,f1_esp,-33.858407851466154,-12.230555689647668,1.4240656421616131,4.739522700133168,80.33755274261624
4086,f1_esp,-33.858407851466154,-12.230555689647668,1.4240656421616131,4.739522700133168,80.33755274261624
4087,f1_esp,-33.858407851466154,-12.230555689647668,1.4240656421616131,4.739522700133168,80.33755274261624
4088,f1_esp,-33.858407851466154,-12.230555689647668,1.4240656421616131,4.739522700133168,80.33755274261624
4089,f1_esp,-33.788370043972435,-11.757263008037047,1.3757696182256123,4.832276505932536,80.54852320675127
4090,f1_esp,-33.788370043972435,-11.757263008037047,1.3757696182256123,4.832276505932536,80.54852320675127
4091,f1_esp,-33.788370043972435,-11.757263008037047,1.3757696182256123,4.832276505932536,80.54852320675127
4092,f1_esp,-33.788370043972435,-11.757263008037047,1.3757696182256123,4.832276505932536,80.54852320675127
4093,f1_esp,-33.788370043972435,-11.757263008037047,1.3757696182256123,4.832276505932536,80.54852320675127
4094,f1_esp,-33.788370043972435,-11.757263008037047,1.3757696182256123,4.832276505932536,80.54852320675127
4095,f1_esp,-33.788370043972435,-11.757263008037047,1.3757696182256123,4.832276505932536,80.54852320675127
4096,f1_esp,-33.788370043972435,-11.757263008037047,1.3757696182256123,4.832276505932536,80.54852320675127
4097,f1_esp,-33.788370043972435,-11.757263008037047,1.3757696182256123,4.832276505932536,80.54852320675127
4098,f1_esp,-33.788370043972435,-11.757263008037047,1.3757696182256123,4.832276505932536,80.54852320675127
4099,f1_esp,-33.70362807303139,-11.278384913904679,1.4036355172638795,4.8955374335679505,80.75949367088629
4100,f1_esp,-33.70362807303139,-11.278384913904679,1.4036355172638795,4.8955374335679505,80.75949367088629
4101,f1_esp,-33.70362807303139,-11.278384913904679,1.4036355172638795,4.8955374335679505,80.75949367088629
4102,f1_esp,-33.70362807303139,-11.278384913904679,1.4036355172638795,4.8955374335679505,80.75949367088629
4103,f1_esp,-33.70362807303139,-11.278384913904679,1.4036355172638795,4.8955374335679505,80.75949367088629
4104,f1_esp,-33.70362807303139,-11.278384913904679,1.4036355172638795,4.8955374335679505,80.75949367088629
4105,f1_esp,-33.70362807303139,-11.278384913904679,1.4036355172638795,4.8955374335679505,80.75949367088629
4106,f1_esp,-33.70362807303139,-11.278384913904679,1.4036355172638795,4.8955374335679505,80.75949367088629
4107,f1_esp,-33.70362807303139,-11.278384913904679,1.4036355172638795,4.8955374335679505,80.75949367088629
4108,f1_esp,-33.70362807303139,-11.278384913904679,1.4036355172638795,4.8955374335679505,80.75949367088629
4109,f1_esp,-33.658275936533904,-10.78930172553998,1.6402495549436837,4.93560370889253,80.9704641350213
4110,f1_esp,-33.658275936533904,-10.78930172553998,1.6402495549436837,4.93560370889253,80.9704641350213
4111,f1_esp,-33.658275936533904,-10.78930172553998,1.6402495549436837,4.93560370889253,80.9704641350213
4112,f1_esp,-33.658275936533904,-10.78930172553998,1.6402495549436837,4.93560370889253,80.9704641350213
4113,f1_esp,-33.658275936533904,-10.78930172553998,1.6402495549436837,4.93560370889253,80.9704641350213
4114,f1_esp,-33.658275936533904,-10.78930172553998,1.6402495549436837,4.93560370889253,80.9704641350213
4115,f1_esp,-33.658275936533904,-10.78930172553998,1.6402495549436837,4.93560370889253,80.9704641350213
4116,f1_esp,-33.658275936533904,-10.78930172553998,1.6402495549436837,4.93560370889253,80.9704641350213
4117,f1_esp,-33.658275936533904,-10.78930172553998,1.6402495549436837,4.93560370889253,80.9704641350213
4118,f1_esp,-33.658275936533904,-10.78930172553998,1.6402495549436837,4.93560370889253,80.9704641350213
4119,f1_esp,-33.679438131428405,-10.296441702142799,1.7680988050901822,4.939566143065231,81.30801687763734
4120,f1_esp,-33.679438131428405,-10.296441702142799,1.7680988050901822,4.939566143065231,81.30801687763734
4121,f1_esp,-33.679438131428405,-10.296441702142799,1.7680988050901822,4.939566143065231,81.30801687763734
4122,f1_esp,-33.679438131428405,-10.296441702142799,1.7680988050901822,4.939566143065231,81.30801687763734
4123,f1_esp,-33.679438131428405,-10.296441702142799,1.7680988050901822,4.939566143065231,81.30801687763734
4124,f1_esp,-33.679438131428405,-10.296441702142799,1.7680988050901822,4.939566143065231,81.30801687763734
4125,f1_esp,-33.679438131428405,-10.296441702142799,1.7680988050901822,4.939566143065231,81.30801687763734
4126,f1_esp,-33.679438131428405,-10.296441702142799,1.7680988050901822,4.939566143065231,81.30801687763734
4127,f1_esp,-33.679438131428405,-10.296441702142799,1.7680988050901822,4.939566143065231,81.30801687763734
4128,f1_esp,-33.679438131428405,-10.296441702142799,1.7680988050901822,4.939566143065231,81.30801687763734
4129,f1_esp,-33.79444033755643,-9.815904937269472,2.076532592675976,4.962801173184833,81.56118143459936
4130,f1_esp,-33.79444033755643,-9.815904937269472,2.076532592675976,4.962801173184833,81.56118143459936
4131,f1_esp,-33.79444033755643,-9.815904937269472,2.076532592675976,4.962801173184833,81.56118143459936
4132,f1_esp,-33.79444033755643,-9.815904937269472,2.076532592675976,4.962801173184833,81.56118143459936
4133,f1_esp,-33.79444033755643,-9.815904937269472,2.076532592675976,4.962801173184833,81.56118143459936
4134,f1_esp,-33.79444033755643,-9.815904937269472,2.076532592675976,4.962801173184833,81.56118143459936
4135,f1_esp,-33.79444033755643,-9.815904937269472,2.076532592675976,4.962801173184833,81.56118143459936
4136,f1_esp,-33.79444033755643,-9.815904937269472,2.076532592675976,4.962801173184833,81.56118143459936
4137,f1_esp,-33.79444033755643,-9.815904937269472,2.076532592675976,4.962801173184833,81.56118143459936
4138,f1_esp,-33.79444033755643,-9.815904937269472,2.076532592675976,4.962801173184833,81.56118143459936
4139,f1_esp,-34.008010227475076,-9.367927177876979,2.196381559245772,4.977114381659383,81.77215189873439
4140,f1_esp,-34.008010227475076,-9.367927177876979,2.196381559245772,4.977114381659383,81.77215189873439
4141,f1_esp,-34.008010227475076,-9.367927177876979,2.196381559245772,4.977114381659383,81.77215189873439
4142,f1_esp,-34.008010227475076,-9.367927177876979,2.196381559245772,4.977114381659383,81.77215189873439
4143,f1_esp,-34.008010227475076,-9.367927177876979,2.196381559245772,4.977114381659383,81.77215189873439
4144,f1_esp,-34.008010227475076,-9.367927177876979,2.196381559245772,4.977114381659383,81.77215189873439
4145,f1_esp,-34.008010227475076,-9.367927177876979,2.196381559245772,4.977114381659383,81.77215189873439
4146,f1_esp,-34.008010227475076,-9.367927177876979,2.196381559245772,4.977114381659383,81.77215189873439
4147,f1_esp,-34.008010227475076,-9.367927177876979,2.196381559245772,4.977114381659383,81.77215189873439
4148,f1_esp,-34.008010227475076,-9.367927177876979,2.196381559245772,4.977114381659383,81.77215189873439
4149,f1_esp,-34.2833444780058,-8.953166434046631,2.2713141799011365,4.985408727175197,81.9409282700424
4150,f1_esp,-34.2833444780058,-8.953166434046631,2.2713141799011365,4.985408727175197,81.9409282700424
4151,f1_esp,-34.2833444780058,-8.953166434046631,2.2713141799011365,4.985408727175197,81.9409282700424
4152,f1_esp,-34.2833444780058,-8.953166434046631,2.2713141799011365,4.985408727175197,81.9409282700424
4153,f1_esp,-34.2833444780058,-8.953166434046631,2.2713141799011365,4.985408727175197,81.9409282700424
4154,f1_esp,-34.2833444780058,-8.953166434046631,2.2713141799011365,4.985408727175197,81.9409282700424
4155,f1_esp,-34.2833444780058,-8.953166434046631,2.2713141799011365,4.985408727175197,81.9409282700424
4156,f1_esp,-34.2833444780058,-8.953166434046631,2.2713141799011365,4.985408727175197,81.9409282700424
4157,f1_esp,-34.2833444780058,-8.953166434046631,2.2713141799011365,4.985408727175197,81.9409282700424
4158,f1_esp,-34.2833444780058,-8.953166434046631,2.2713141799011365,4.985408727175197,81.9409282700424
4159,f1_esp,-34.590262671668256,-8.559971924052162,2.245395140994477,4.991031636207652,82.15189873417744
4160,f1_esp,-34.590262671668256,-8.559971924052162,2.245395140994477,4.991031636207652,82.15189873417744
4161,f1_esp,-34.590262671668256,-8.559971924052162,2.245395140994477,4.991031636207652,82.15189873417744
4162,f1_esp,-34.590262671668256,-8.559971924052162,2.245395140994477,4.991031636207652,82.15189873417744
4163,f1_esp,-34.590262671668256,-8.559971924052162,2.245395140994477,4.991031636207652,82.15189873417744
4164,f1_esp,-34.590262671668256,-8.559971924052162,2.245395140994477,4.991031636207652,82.15189873417744
4165,f1_esp,-34.590262671668256,-8.559971924052162,2.245395140994477,4.991031636207652,82.15189873417744
4166,f1_esp,-34.590262671668256,-8.559971924052162,2.245395140994477,4.991031636207652,82.15189873417744
4167,f1_esp,-34.590262671668256,-8.559971924052162,2.245395140994477,4.991031636207652,82.15189873417744
4168,f1_esp,-34.590262671668256,-8.559971924052162,2.245395140994477,4.991031636207652,82.15189873417744
4169,f1_esp,-34.87270533854032,-8.148799318304567,2.0011452323760315,4.9944901866136195,82.40506329113944
4170,f1_esp,-34.87270533854032,-8.148799318304567,2.0011452323760315,4.9944901866136195,82.40506329113944
4171,f1_esp,-34.87270533854032,-8.148799318304567,2.0011452323760315,4.9944901866136195,82.40506329113944
4172,f1_esp,-34.87270533854032,-8.148799318304567,2.0011452323760315,4.9944901866136195,82.40506329113944
4173,f1_esp,-34.87270533854032,-8.148799318304567,2.0011452323760315,4.9944901866136195,82.40506329113944
4174,f1_esp,-34.87270533854032,-8.148799318304567,2.0011452323760315,4.9944901866136195,82.40506329113944
4175,f1_esp,-34.87270533854032,-8.148799318304567,2.0011452323760315,4.9944901866136195,82.40506329113944
4176,f1_esp,-34.87270533854032,-8.148799318304567,2.0011452323760315,4.9944901866136195,82.40506329113944
4177,f1_esp,-34.87270533854032,-8.148799318304567,2.0011452323760315,4.9944901866136195,82.40506329113944
4178,f1_esp,-34.87270533854032,-8.148799318304567,2.0011452323760315,4.9944901866136195,82.40506329113944
4179,f1_esp,-35.0684423194313,-7.690216578093204,1.7031648839352873,4.996612011207112,82.78481012658249
4180,f1_esp,-35.0684423194313,-7.690216578093204,1.7031648839352873,4.996612011207112,82.78481012658249
4181,f1_esp,-35.0684423194313,-7.690216578093204,1.7031648839352873,4.996612011207112,82.78481012658249
4182,f1_esp,-35.0684423194313,-7.690216578093204,1.7031648839352873,4.996612011207112,82.78481012658249
4183,f1_esp,-35.0684423194313,-7.690216578093204,1.7031648839352873,4.996612011207112,82.78481012658249
4184,f1_esp,-35.0684423194313,-7.690216578093204,1.7031648839352873,4.996612011207112,82.78481012658249
4185,f1_esp,-35.0684423194313,-7.690216578093204,1.7031648839352873,4.996612011207112,82.78481012658249
4186,f1_esp,-35.0684423194313,-7.690216578093204,1.7031648839352873,4.996612011207112,82.78481012658249
4187,f1_esp,-35.0684423194313,-7.690216578093204,1.7031648839352873,4.996612011207112,82.78481012658249
4188,f1_esp,-35.0684423194313,-7.690216578093204,1.7031648839352873,4.996612011207112,82.78481012658249
4189,f1_esp,-35.155143907921236,-7.242358618670159,1.385431348262421,4.045612011207108,82.99578059071752
4190,f1_esp,-35.155143907921236,-7.242358618670159,1.385431348262421,4.045612011207108,82.99578059071752
4191,f1_esp,-35.155143907921236,-7.242358618670159,1.385431348262421,4.045612011207108,82.99578059071752
4192,f1_esp,-35.155143907921236,-7.242358618670159,1.385431348262421,4.045612011207108,82.99578059071752
4193,f1_esp,-35.155143907921236,-7.242358618670159,1.385431348262421,4.045612011207108,82.99578059071752
4194,f1_esp,-35.155143907921236,-7.242358618670159,1.385431348262421,4.045612011207108,82.99578059071752
4195,f1_esp,-35.155143907921236,-7.242358618670159,1.385431348262421,4.045612011207108,82.99578059071752
4196,f1_esp,-35.155143907921236,-7.242358618670159,1.385431348262421,4.045612011207108,82.99578059071752
4197,f1_esp,-35.155143907921236,-7.242358618670159,1.385431348262421,4.045612011207108,82.99578059071752
4198,f1_esp,-35.155143907921236,-7.242358618670159,1.385431348262421,4.045612011207108,82.99578059071752
4199,f1_esp,-35.15371731933969,-6.822923820862589,1.4684489492806154,4.358151837107259,83.16455696202553
4200,f1_esp,-35.15371731933969,-6.822923820862589,1.4684489492806154,4.358151837107259,83.16455696202553
4201,f1_esp,-35.15371731933969,-6.822923820862589,1.4684489492806154,4.358151837107259,83.16455696202553
4202,f1_esp,-35.15371731933969,-6.822923820862589,1.4684489492806154,4.358151837107259,83.16455696202553
4203,f1_esp,-35.15371731933969,-6.822923820862589,1.4684489492806154,4.358151837107259,83.16455696202553
4204,f1_esp,-35.15371731933969,-6.822923820862589,1.4684489492806154,4.358151837107259,83.16455696202553
4205,f1_esp,-35.15371731933969,-6.822923820862589,1.4684489492806154,4.358151837107259,83.16455696202553
4206,f1_esp,-35.15371731933969,-6.822923820862589,1.4684489492806154,4.358151837107259,83.16455696202553
4207,f1_esp,-35.15371731933969,-6.822923820862589,1.4684489492806154,4.358151837107259,83.16455696202553
4208,f1_esp,-35.15371731933969,-6.822923820862589,1.4684489492806154,4.358151837107259,83.16455696202553
4209,f1_esp,-35.13775660960184,-6.37572278223287,1.6007432764764948,4.597262157213439,83.33333333333354
4210,f1_esp,-35.13775660960184,-6.37572278223287,1.6007432764764948,4.597262157213439,83.33333333333354
4211,f1_esp,-35.13775660960184,-6.37572278223287,1.6007432764764948,4.597262157213439,83.33333333333354
4212,f1_esp,-35.13775660960184,-6.37572278223287,1.6007432764764948,4.597262157213439,83.33333333333354
4213,f1_esp,-35.13775660960184,-6.37572278223287,1.6007432764764948,4.597262157213439,83.33333333333354
4214,f1_esp,-35.13775660960184,-6.37572278223287,1.6007432764764948,4.597262157213439,83.33333333333354
4215,f1_esp,-35.13775660960184,-6.37572278223287,1.6007432764764948,4.597262157213439,83.33333333333354
4216,f1_esp,-35.13775660960184,-6.37572278223287,1.6007432764764948,4.597262157213439,83.33333333333354
4217,f1_esp,-35.13775660960184,-6.37572278223287,1.6007432764764948,4.597262157213439,83.33333333333354
4218,f1_esp,-35.13775660960184,-6.37572278223287,1.6007432764764948,4.597262157213439,83.33333333333354
4219,f1_esp,-35.15421267404963,-5.915813329468401,1.6942635299639284,4.609720899755325,83.54430379746857
4220,f1_esp,-35.15421267404963,-5.915813329468401,1.6942635299639284,4.609720899755325,83.54430379746857
4221,f1_esp,-35.15421267404963,-5.915813329468401,1.6942635299639284,4.609720899755325,83.54430379746857
4222,f1_esp,-35.15421267404963,-5.915813329468401,1.6942635299639284,4.609720899755325,83.54430379746857
4223,f1_esp,-35.15421267404963,-5.915813329468401,1.6942635299639284,4.609720899755325,83.54430379746857
4224,f1_esp,-35.15421267404963,-5.915813329468401,1.6942635299639284,4.609720899755325,83.54430379746857
4225,f1_esp,-35.15421267404963,-5.915813329468401,1.6942635299639284,4.609720899755325,83.54430379746857
4226,f1_esp,-35.15421267404963,-5.915813329468401,1.6942635299639284,4.609720899755325,83.54430379746857
4227,f1_esp,-35.15421267404963,-5.915813329468401,1.6942635299639284,4.609720899755325,83.54430379746857
4228,f1_esp,-35.15421267404963,-5.915813329468401,1.6942635299639284,4.609720899755325,83.54430379746857
4229,f1_esp,-35.2028804753458,-5.450026314728267,1.7164111902692798,4.76022357403051,83.71308016877659
4230,f1_esp,-35.2028804753458,-5.450026314728267,1.7164111902692798,4.76022357403051,83.71308016877659
4231,f1_esp,-35.2028804753458,-5.450026314728267,1.7164111902692798,4.76022357403051,83.71308016877659
4232,f1_esp,-35.2028804753458,-5.450026314728267,1.7164111902692798,4.76022357403051,83.71308016877659
4233,f1_esp,-35.2028804753458,-5.450026314728267,1.7164111902692798,4.76022357403051,83.71308016877659
4234,f1_esp,-35.2028804753458,-5.450026314728267,1.7164111902692798,4.76022357403051,83.71308016877659
4235,f1_esp,-35.2028804753458,-5.450026314728267,1.7164111902692798,4.76022357403051,83.71308016877659
4236,f1_esp,-35.2028804753458,-5.450026314728267,1.7164111902692798,4.76022357403051,83.71308016877659
4237,f1_esp,-35.2028804753458,-5.450026314728267,1.7164111902692798,4.76022357403051,83.71308016877659
4238,f1_esp,-35.2028804753458,-5.450026314728267,1.7164111902692798,4.76022357403051,83.71308016877659
4239,f1_esp,-35.23774611780527,-4.970903661818948,1.528999772395944,4.85269131798991,83.9240506329116
4240,f1_esp,-35.23774611780527,-4.970903661818948,1.528999772395944,4.85269131798991,83.9240506329116
4241,f1_esp,-35.23774611780527,-4.970903661818948,1.528999772395944,4.85269131798991,83.9240506329116
4242,f1_esp,-35.23774611780527,-4.970903661818948,1.528999772395944,4.85269131798991,83.9240506329116
4243,f1_esp,-35.23774611780527,-4.970903661818948,1.528999772395944,4.85269131798991,83.9240506329116
4244,f1_esp,-35.23774611780527,-4.970903661818948,1.528999772395944,4.85269131798991,83.9240506329116
4245,f1_esp,-35.23774611780527,-4.970903661818948,1.528999772395944,4.85269131798991,83.9240506329116
4246,f1_esp,-35.23774611780527,-4.970903661818948,1.528999772395944,4.85269131798991,83.9240506329116
4247,f1_esp,-35.23774611780527,-4.970903661818948,1.528999772395944,4.85269131798991,83.9240506329116
4248,f1_esp,-35.23774611780527,-4.970903661818948,1.528999772395944,4.85269131798991,83.9240506329116
4249,f1_esp,-35.205987445746096,-4.484412065558319,1.3389385038183081,4.909499477274021,84.13502109704663
4250,f1_esp,-35.205987445746096,-4.484412065558319,1.3389385038183081,4.909499477274021,84.13502109704663
4251,f1_esp,-35.205987445746096,-4.484412065558319,1.3389385038183081,4.909499477274021,84.13502109704663
4252,f1_esp,-35.205987445746096,-4.484412065558319,1.3389385038183081,4.909499477274021,84.13502109704663
4253,f1_esp,-35.205987445746096,-4.484412065558319,1.3389385038183081,4.909499477274021,84.13502109704663
4254,f1_esp,-35.205987445746096,-4.484412065558319,1.3389385038183081,4.909499477274021,84.13502109704663
4255,f1_esp,-35.205987445746096,-4.484412065558319,1.3389385038183081,4.909499477274021,84.13502109704663
4256,f1_esp,-35.205987445746096,-4.484412065558319,1.3389385038183081,4.909499477274021,84.13502109704663
4257,f1_esp,-35.205987445746096,-4.484412065558319,1.3389385038183081,4.909499477274021,84.13502109704663
4258,f1_esp,-35.205987445746096,-4.484412065558319,1.3389385038183081,4.909499477274021,84.13502109704663
4259,f1_esp,-35.1014593670649,-4.003327079066502,1.218955779051632,4.9443991325568355,84.34599156118165
4260,f1_esp,-35.1014593670649,-4.003327079066502,1.218955779051632,4.9443991325568355,84.34599156118165
4261,f1_esp,-35.1014593670649,-4.003327079066502,1.218955779051632,4.9443991325568355,84.34599156118165
4262,f1_esp,-35.1014593670649,-4.003327079066502,1.218955779051632,4.9443991325568355,84.34599156118165
4263,f1_esp,-35.1014593670649,-4.003327079066502,1.218955779051632,4.9443991325568355,84.34599156118165
4264,f1_esp,-35.1014593670649,-4.003327079066502,1.218955779051632,4.9443991325568355,84.34599156118165
4265,f1_esp,-35.1014593670649,-4.003327079066502,1.218955779051632,4.9443991325568355,84.34599156118165
4266,f1_esp,-35.1014593670649,-4.003327079066502,1.218955779051632,4.9443991325568355,84.34599156118165
4267,f1_esp,-35.1014593670649,-4.003327079066502,1.218955779051632,4.9443991325568355,84.34599156118165
4268,f1_esp,-35.1014593670649,-4.003327079066502,1.218955779051632,4.9443991325568355,84.34599156118165
4269,f1_esp,-34.93966588939684,-3.5352092691364265,1.1377755178821862,4.965782727772904,84.55696202531668
4270,f1_esp,-34.93966588939684,-3.5352092691364265,1.1377755178821862,4.965782727772904,84.55696202531668
4271,f1_esp,-34.93966588939684,-3.5352092691364265,1.1377755178821862,4.965782727772904,84.55696202531668
4272,f1_esp,-34.93966588939684,-3.5352092691364265,1.1377755178821862,4.965782727772904,84.55696202531668
4273,f1_esp,-34.93966588939684,-3.5352092691364265,1.1377755178821862,4.965782727772904,84.55696202531668
4274,f1_esp,-34.93966588939684,-3.5352092691364265,1.1377755178821862,4.965782727772904,84.55696202531668
4275,f1_esp,-34.93966588939684,-3.5352092691364265,1.1377755178821862,4.965782727772904,84.55696202531668
4276,f1_esp,-34.93966588939684,-3.5352092691364265,1.1377755178821862,4.965782727772904,84.55696202531668
4277,f1_esp,-34.93966588939684,-3.5352092691364265,1.1377755178821862,4.965782727772904,84.55696202531668
4278,f1_esp,-34.93966588939684,-3.5352092691364265,1.1377755178821862,4.965782727772904,84.55696202531668
4279,f1_esp,-34.7409627103372,-3.0795616487570987,1.0806580124731757,4.978978167541189,84.7679324894517
4280,f1_esp,-34.7409627103372,-3.0795616487570987,1.0806580124731757,4.978978167541189,84.7679324894517
4281,f1_esp,-34.7409627103372,-3.0795616487570987,1.0806580124731757,4.978978167541189,84.7679324894517
4282,f1_esp,-34.7409627103372,-3.0795616487570987,1.0806580124731757,4.978978167541189,84.7679324894517
4283,f1_esp,-34.7409627103372,-3.0795616487570987,1.0806580124731757,4.978978167541189,84.7679324894517
4284,f1_esp,-34.7409627103372,-3.0795616487570987,1.0806580124731757,4.978978167541189,84.7679324894517
4285,f1_esp,-34.7409627103372,-3.0795616487570987,1.0806580124731757,4.978978167541189,84.7679324894517
4286,f1_esp,-34.7409627103372,-3.0795616487570987,1.0806580124731757,4.978978167541189,84.7679324894517
4287,f1_esp,-34.7409627103372,-3.0795616487570987,1.0806580124731757,4.978978167541189,84.7679324894517
4288,f1_esp,-34.7409627103372,-3.0795616487570987,1.0806580124731757,4.978978167541189,84.7679324894517
4289,f1_esp,-34.498723648594854,-2.6444588527665513,0.9396761282521198,4.987085035854002,84.97890295358673
4290,f1_esp,-34.498723648594854,-2.6444588527665513,0.9396761282521198,4.987085035854002,84.97890295358673
4291,f1_esp,-34.498723648594854,-2.6444588527665513,0.9396761282521198,4.987085035854002,84.97890295358673
4292,f1_esp,-34.498723648594854,-2.6444588527665513,0.9396761282521198,4.987085035854002,84.97890295358673
4293,f1_esp,-34.498723648594854,-2.6444588527665513,0.9396761282521198,4.987085035854002,84.97890295358673
4294,f1_esp,-34.498723648594854,-2.6444588527665513,0.9396761282521198,4.987085035854002,84.97890295358673
4295,f1_esp,-34.498723648594854,-2.6444588527665513,0.9396761282521198,4.987085035854002,84.97890295358673
4296,f1_esp,-34.498723648594854,-2.6444588527665513,0.9396761282521198,4.987085035854002,84.97890295358673
4297,f1_esp,-34.498723648594854,-2.6444588527665513,0.9396761282521198,4.987085035854002,84.97890295358673
4298,f1_esp,-34.498723648594854,-2.6444588527665513,0.9396761282521198,4.987085035854002,84.97890295358673
4299,f1_esp,-34.20645382742124,-2.240329882742434,0.812293801695933,4.992052503133489,85.18987341772174
4300,f1_esp,-34.20645382742124,-2.240329882742434,0.812293801695933,4.992052503133489,85.18987341772174
4301,f1_esp,-34.20645382742124,-2.240329882742434,0.812293801695933,4.992052503133489,85.18987341772174
4302,f1_esp,-34.20645382742124,-2.240329882742434,0.812293801695933,4.992052503133489,85.18987341772174
4303,f1_esp,-34.20645382742124,-2.240329882742434,0.812293801695933,4.992052503133489,85.18987341772174
4304,f1_esp,-34.20645382742124,-2.240329882742434,0.812293801695933,4.992052503133489,85.18987341772174
4305,f1_esp,-34.20645382742124,-2.240329882742434,0.812293801695933,4.992052503133489,85.18987341772174
4306,f1_esp,-34.20645382742124,-2.240329882742434,0.812293801695933,4.992052503133489,85.18987341772174
4307,f1_esp,-34.20645382742124,-2.240329882742434,0.812293801695933,4.992052503133489,85.18987341772174
4308,f1_esp,-34.20645382742124,-2.240329882742434,0.812293801695933,4.992052503133489,85.18987341772174
4309,f1_esp,-33.88343274469185,-1.8596619829397691,0.8144462060775293,4.994044699008385,85.44303797468376
4310,f1_esp,-33.88343274469185,-1.8596619829397691,0.8144462060775293,4.994044699008385,85.44303797468376
4311,f1_esp,-33.88343274469185,-1.8596619829397691,0.8144462060775293,4.994044699008385,85.44303797468376
4312,f1_esp,-33.88343274469185,-1.8596619829397691,0.8144462060775293,4.994044699008385,85.44303797468376
4313,f1_esp,-33.88343274469185,-1.8596619829397691,0.8144462060775293,4.994044699008385,85.44303797468376
4314,f1_esp,-33.88343274469185,-1.8596619829397691,0.8144462060775293,4.994044699008385,85.44303797468376
4315,f1_esp,-33.88343274469185,-1.8596619829397691,0.8144462060775293,4.994044699008385,85.44303797468376
4316,f1_esp,-33.88343274469185,-1.8596619829397691,0.8144462060775293,4.994044699008385,85.44303797468376
4317,f1_esp,-33.88343274469185,-1.8596619829397691,0.8144462060775293,4.994044699008385,85.44303797468376
4318,f1_esp,-33.88343274469185,-1.8596619829397691,0.8144462060775293,4.994044699008385,85.44303797468376
4319,f1_esp,-33.5518532767524,-1.486074786472041,0.8435577173064452,4.996341310299788,85.65400843881878
4320,f1_esp,-33.5518532767524,-1.486074786472041,0.8435577173064452,4.996341310299788,85.65400843881878
4321,f1_esp,-33.5518532767524,-1.486074786472041,0.8435577173064452,4.996341310299788,85.65400843881878
4322,f1_esp,-33.5518532767524,-1.486074786472041,0.8435577173064452,4.996341310299788,85.65400843881878
4323,f1_esp,-33.5518532767524,-1.486074786472041,0.8435577173064452,4.996341310299788,85.65400843881878
4324,f1_esp,-33.5518532767524,-1.486074786472041,0.8435577173064452,4.996341310299788,85.65400843881878
4325,f1_esp,-33.5518532767524,-1.486074786472041,0.8435577173064452,4.996341310299788,85.65400843881878
4326,f1_esp,-33.5518532767524,-1.486074786472041,0.8435577173064452,4.996341310299788,85.65400843881878
4327,f1_esp,-33.5518532767524,-1.486074786472041,0.8435577173064452,4.996341310299788,85.65400843881878
4328,f1_esp,-33.5518532767524,-1.486074786472041,0.8435577173064452,4.996341310299788,85.65400843881878
4329,f1_esp,-33.197103132891854,-1.1345124288593562,0.6317782031513963,4.997752252935445,85.86497890295381
4330,f1_esp,-33.197103132891854,-1.1345124288593562,0.6317782031513963,4.997752252935445,85.86497890295381
4331,f1_esp,-33.197103132891854,-1.1345124288593562,0.6317782031513963,4.997752252935445,85.86497890295381
4332,f1_esp,-33.197103132891854,-1.1345124288593562,0.6317782031513963,4.997752252935445,85.86497890295381
4333,f1_esp,-33.197103132891854,-1.1345124288593562,0.6317782031513963,4.997752252935445,85.86497890295381
4334,f1_esp,-33.197103132891854,-1.1345124288593562,0.6317782031513963,4.997752252935445,85.86497890295381
4335,f1_esp,-33.197103132891854,-1.1345124288593562,0.6317782031513963,4.997752252935445,85.86497890295381
4336,f1_esp,-33.197103132891854,-1.1345124288593562,0.6317782031513963,4.997752252935445,85.86497890295381
4337,f1_esp,-33.197103132891854,-1.1345124288593562,0.6317782031513963,4.997752252935445,85.86497890295381
4338,f1_esp,-33.197103132891854,-1.1345124288593562,0.6317782031513963,4.997752252935445,85.86497890295381
4339,f1_esp,-32.78990628208244,-0.8463068137423126,0.38305777361677973,4.998619077516762,86.07594936708882
4340,f1_esp,-32.78990628208244,-0.8463068137423126,0.38305777361677973,4.998619077516762,86.07594936708882
4341,f1_esp,-32.78990628208244,-0.8463068137423126,0.38305777361677973,4.998619077516762,86.07594936708882
4342,f1_esp,-32.78990628208244,-0.8463068137423126,0.38305777361677973,4.998619077516762,86.07594936708882
4343,f1_esp,-32.78990628208244,-0.8463068137423126,0.38305777361677973,4.998619077516762,86.07594936708882
4344,f1_esp,-32.78990628208244,-0.8463068137423126,0.38305777361677973,4.998619077516762,86.07594936708882
4345,f1_esp,-32.78990628208244,-0.8463068137423126,0.38305777361677973,4.998619077516762,86.07594936708882
4346,f1_esp,-32.78990628208244,-0.8463068137423126,0.38305777361677973,4.998619077516762,86.07594936708882
4347,f1_esp,-32.78990628208244,-0.8463068137423126,0.38305777361677973,4.998619077516762,86.07594936708882
4348,f1_esp,-32.78990628208244,-0.8463068137423126,0.38305777361677973,4.998619077516762,86.07594936708882
4349,f1_esp,-32.34041432369424,-0.6433491111698911,0.22107047536072888,4.897573235440137,86.28691983122384
4350,f1_esp,-32.34041432369424,-0.6433491111698911,0.22107047536072888,4.897573235440137,86.28691983122384
4351,f1_esp,-32.34041432369424,-0.6433491111698911,0.22107047536072888,4.897573235440137,86.28691983122384
4352,f1_esp,-32.34041432369424,-0.6433491111698911,0.22107047536072888,4.897573235440137,86.28691983122384
4353,f1_esp,-32.34041432369424,-0.6433491111698911,0.22107047536072888,4.897573235440137,86.28691983122384
4354,f1_esp,-32.34041432369424,-0.6433491111698911,0.22107047536072888,4.897573235440137,86.28691983122384
4355,f1_esp,-32.34041432369424,-0.6433491111698911,0.22107047536072888,4.897573235440137,86.28691983122384
4356,f1_esp,-32.34041432369424,-0.6433491111698911,0.22107047536072888,4.897573235440137,86.28691983122384
4357,f1_esp,-32.34041432369424,-0.6433491111698911,0.22107047536072888,4.897573235440137,86.28691983122384
4358,f1_esp,-32.34041432369424,-0.6433491111698911,0.22107047536072888,4.897573235440137,86.28691983122384
4359,f1_esp,-31.885217532704257,-0.4916913999715944,0.29536292875515596,4.7355902359327615,86.54008438818586
4360,f1_esp,-31.885217532704257,-0.4916913999715944,0.29536292875515596,4.7355902359327615,86.54008438818586
4361,f1_esp,-31.885217532704257,-0.4916913999715944,0.29536292875515596,4.7355902359327615,86.54008438818586
4362,f1_esp,-31.885217532704257,-0.4916913999715944,0.29536292875515596,4.7355902359327615,86.54008438818586
4363,f1_esp,-31.885217532704257,-0.4916913999715944,0.29536292875515596,4.7355902359327615,86.54008438818586
4364,f1_esp,-31.885217532704257,-0.4916913999715944,0.29536292875515596,4.7355902359327615,86.54008438818586
4365,f1_esp,-31.885217532704257,-0.4916913999715944,0.29536292875515596,4.7355902359327615,86.54008438818586
4366,f1_esp,-31.885217532704257,-0.4916913999715944,0.29536292875515596,4.7355902359327615,86.54008438818586
4367,f1_esp,-31.885217532704257,-0.4916913999715944,0.29536292875515596,4.7355902359327615,86.54008438818586
4368,f1_esp,-31.885217532704257,-0.4916913999715944,0.29536292875515596,4.7355902359327615,86.54008438818586
4369,f1_esp,-31.446741779786983,-0.3340414469249911,0.4326217216893541,4.612497859284641,86.75105485232089
4370,f1_esp,-31.446741779786983,-0.3340414469249911,0.4326217216893541,4.612497859284641,86.75105485232089
4371,f1_esp,-31.446741779786983,-0.3340414469249911,0.4326217216893541,4.612497859284641,86.75105485232089
4372,f1_esp,-31.446741779786983,-0.3340414469249911,0.4326217216893541,4.612497859284641,86.75105485232089
4373,f1_esp,-31.446741779786983,-0.3340414469249911,0.4326217216893541,4.612497859284641,86.75105485232089
4374,f1_esp,-31.446741779786983,-0.3340414469249911,0.4326217216893541,4.612497859284641,86.75105485232089
4375,f1_esp,-31.446741779786983,-0.3340414469249911,0.4326217216893541,4.612497859284641,86.75105485232089
4376,f1_esp,-31.446741779786983,-0.3340414469249911,0.4326217216893541,4.612497859284641,86.75105485232089
4377,f1_esp,-31.446741779786983,-0.3340414469249911,0.4326217216893541,4.612497859284641,86.75105485232089
4378,f1_esp,-31.446741779786983,-0.3340414469249911,0.4326217216893541,4.612497859284641,86.75105485232089
4379,f1_esp,-31.007390442886102,-0.17141512738088632,0.287397657435087,4.761934771552015,86.9198312236289
4380,f1_esp,-31.007390442886102,-0.17141512738088632,0.287397657435087,4.761934771552015,86.9198312236289
4381,f1_esp,-31.007390442886102,-0.17141512738088632,0.287397657435087,4.761934771552015,86.9198312236289
4382,f1_esp,-31.007390442886102,-0.17141512738088632,0.287397657435087,4.761934771552015,86.9198312236289
4383,f1_esp,-31.007390442886102,-0.17141512738088632,0.287397657435087,4.761934771552015,86.9198312236289
4384,f1_esp,-31.007390442886102,-0.17141512738088632,0.287397657435087,4.761934771552015,86.9198312236289
4385,f1_esp,-31.007390442886102,-0.17141512738088632,0.287397657435087,4.761934771552015,86.9198312236289
4386,f1_esp,-31.007390442886102,-0.17141512738088632,0.287397657435087,4.761934771552015,86.9198312236289
4387,f1_esp,-31.007390442886102,-0.17141512738088632,0.287397657435087,4.761934771552015,86.9198312236289
4388,f1_esp,-31.007390442886102,-0.17141512738088632,0.287397657435087,4.761934771552015,86.9198312236289
4389,f1_esp,-30.540709029952502,-0.06781236031055282,0.022335252701002797,4.813523130465169,87.13080168776392
4390,f1_esp,-30.540709029952502,-0.06781236031055282,0.022335252701002797,4.813523130465169,87.13080168776392
4391,f1_esp,-30.540709029952502,-0.06781236031055282,0.022335252701002797,4.813523130465169,87.13080168776392
4392,f1_esp,-30.540709029952502,-0.06781236031055282,0.022335252701002797,4.813523130465169,87.13080168776392
4393,f1_esp,-30.540709029952502,-0.06781236031055282,0.022335252701002797,4.813523130465169,87.13080168776392
4394,f1_esp,-30.540709029952502,-0.06781236031055282,0.022335252701002797,4.813523130465169,87.13080168776392
4395,f1_esp,-30.540709029952502,-0.06781236031055282,0.022335252701002797,4.813523130465169,87.13080168776392
4396,f1_esp,-30.540709029952502,-0.06781236031055282,0.022335252701002797,4.813523130465169,87.13080168776392
4397,f1_esp,-30.540709029952502,-0.06781236031055282,0.022335252701002797,4.813523130465169,87.13080168776392
4398,f1_esp,-30.540709029952502,-0.06781236031055282,0.022335252701002797,4.813523130465169,87.13080168776392
4399,f1_esp,-30.056815827227332,-0.045178881846495475,6.1804069372061425,4.885368130256009,87.34177215189895
4400,f1_esp,-30.056815827227332,-0.045178881846495475,6.1804069372061425,4.885368130256009,87.34177215189895
4401,f1_esp,-30.056815827227332,-0.045178881846495475,6.1804069372061425,4.885368130256009,87.34177215189895
4402,f1_esp,-30.056815827227332,-0.045178881846495475,6.1804069372061425,4.885368130256009,87.34177215189895
4403,f1_esp,-30.056815827227332,-0.045178881846495475,6.1804069372061425,4.885368130256009,87.34177215189895
4404,f1_esp,-30.056815827227332,-0.045178881846495475,6.1804069372061425,4.885368130256009,87.34177215189895
4405,f1_esp,-30.056815827227332,-0.045178881846495475,6.1804069372061425,4.885368130256009,87.34177215189895
4406,f1_esp,-30.056815827227332,-0.045178881846495475,6.1804069372061425,4.885368130256009,87.34177215189895
4407,f1_esp,-30.056815827227332,-0.045178881846495475,6.1804069372061425,4.885368130256009,87.34177215189895
4408,f1_esp,-30.056815827227332,-0.045178881846495475,6.1804069372061425,4.885368130256009,87.34177215189895
4409,f1_esp,-29.566153497897712,-0.049327795424495224,0.04641618169536471,4.929574938069649,87.55274261603397
4410,f1_esp,-29.566153497897712,-0.049327795424495224,0.04641618169536471,4.929574938069649,87.55274261603397
4411,f1_esp,-29.566153497897712,-0.049327795424495224,0.04641618169536471,4.929574938069649,87.55274261603397
4412,f1_esp,-29.566153497897712,-0.049327795424495224,0.04641618169536471,4.929574938069649,87.55274261603397
4413,f1_esp,-29.566153497897712,-0.049327795424495224,0.04641618169536471,4.929574938069649,87.55274261603397
4414,f1_esp,-29.566153497897712,-0.049327795424495224,0.04641618169536471,4.929574938069649,87.55274261603397
4415,f1_esp,-29.566153497897712,-0.049327795424495224,0.04641618169536471,4.929574938069649,87.55274261603397
4416,f1_esp,-29.566153497897712,-0.049327795424495224,0.04641618169536471,4.929574938069649,87.55274261603397
4417,f1_esp,-29.566153497897712,-0.049327795424495224,0.04641618169536471,4.929574938069649,87.55274261603397
4418,f1_esp,-29.566153497897712,-0.049327795424495224,0.04641618169536471,4.929574938069649,87.55274261603397
4419,f1_esp,-29.073571010015687,-0.012525875969476692,0.20773212581952824,4.955811359368291,87.763713080169
4420,f1_esp,-29.073571010015687,-0.012525875969476692,0.20773212581952824,4.955811359368291,87.763713080169
4421,f1_esp,-29.073571010015687,-0.012525875969476692,0.20773212581952824,4.955811359368291,87.763713080169
4422,f1_esp,-29.073571010015687,-0.012525875969476692,0.20773212581952824,4.955811359368291,87.763713080169
4423,f1_esp,-29.073571010015687,-0.012525875969476692,0.20773212581952824,4.955811359368291,87.763713080169
4424,f1_esp,-29.073571010015687,-0.012525875969476692,0.20773212581952824,4.955811359368291,87.763713080169
4425,f1_esp,-29.073571010015687,-0.012525875969476692,0.20773212581952824,4.955811359368291,87.763713080169
4426,f1_esp,-29.073571010015687,-0.012525875969476692,0.20773212581952824,4.955811359368291,87.763713080169
4427,f1_esp,-29.073571010015687,-0.012525875969476692,0.20773212581952824,4.955811359368291,87.763713080169
4428,f1_esp,-29.073571010015687,-0.012525875969476692,0.20773212581952824,4.955811359368291,87.763713080169
4429,f1_esp,-28.593161769252188,0.07545566831313537,0.27113075974973855,4.840614486594306,87.93248945147701
4430,f1_esp,-28.593161769252188,0.07545566831313537,0.27113075974973855,4.840614486594306,87.93248945147701
4431,f1_esp,-28.593161769252188,0.07545566831313537,0.27113075974973855,4.840614486594306,87.93248945147701
4432,f1_esp,-28.593161769252188,0.07545566831313537,0.27113075974973855,4.840614486594306,87.93248945147701
4433,f1_esp,-28.593161769252188,0.07545566831313537,0.27113075974973855,4.840614486594306,87.93248945147701
4434,f1_esp,-28.593161769252188,0.07545566831313537,0.27113075974973855,4.840614486594306,87.93248945147701
4435,f1_esp,-28.593161769252188,0.07545566831313537,0.27113075974973855,4.840614486594306,87.93248945147701
4436,f1_esp,-28.593161769252188,0.07545566831313537,0.27113075974973855,4.840614486594306,87.93248945147701
4437,f1_esp,-28.593161769252188,0.07545566831313537,0.27113075974973855,4.840614486594306,87.93248945147701
4438,f1_esp,-28.593161769252188,0.07545566831313537,0.27113075974973855,4.840614486594306,87.93248945147701
4439,f1_esp,-28.115501467398307,0.1584401205362519,0.054919026189895026,4.859945991119886,88.14345991561203
4440,f1_esp,-28.115501467398307,0.1584401205362519,0.054919026189895026,4.859945991119886,88.14345991561203
4441,f1_esp,-28.115501467398307,0.1584401205362519,0.054919026189895026,4.859945991119886,88.14345991561203
4442,f1_esp,-28.115501467398307,0.1584401205362519,0.054919026189895026,4.859945991119886,88.14345991561203
4443,f1_esp,-28.115501467398307,0.1584401205362519,0.054919026189895026,4.859945991119886,88.14345991561203
4444,f1_esp,-28.115501467398307,0.1584401205362519,0.054919026189895026,4.859945991119886,88.14345991561203
4445,f1_esp,-28.115501467398307,0.1584401205362519,0.054919026189895026,4.859945991119886,88.14345991561203
4446,f1_esp,-28.115501467398307,0.1584401205362519,0.054919026189895026,4.859945991119886,88.14345991561203
4447,f1_esp,-28.115501467398307,0.1584401205362519,0.054919026189895026,4.859945991119886,88.14345991561203
4448,f1_esp,-28.115501467398307,0.1584401205362519,0.054919026189895026,4.859945991119886,88.14345991561203
4449,f1_esp,-27.6287166137234,0.17359691756533766,6.127239086234613,4.892054212914838,88.35443037974706
4450,f1_esp,-27.6287166137234,0.17359691756533766,6.127239086234613,4.892054212914838,88.35443037974706
4451,f1_esp,-27.6287166137234,0.17359691756533766,6.127239086234613,4.892054212914838,88.35443037974706
4452,f1_esp,-27.6287166137234,0.17359691756533766,6.127239086234613,4.892054212914838,88.35443037974706
4453,f1_esp,-27.6287166137234,0.17359691756533766,6.127239086234613,4.892054212914838,88.35443037974706
4454,f1_esp,-27.6287166137234,0.17359691756533766,6.127239086234613,4.892054212914838,88.35443037974706
4455,f1_esp,-27.6287166137234,0.17359691756533766,6.127239086234613,4.892054212914838,88.35443037974706
4456,f1_esp,-27.6287166137234,0.17359691756533766,6.127239086234613,4.892054212914838,88.35443037974706
4457,f1_esp,-27.6287166137234,0.17359691756533766,6.127239086234613,4.892054212914838,88.35443037974706
4458,f1_esp,-27.6287166137234,0.17359691756533766,6.127239086234613,4.892054212914838,88.35443037974706
4459,f1_esp,-27.138562394862543,0.14116528291929303,6.1938175164192595,4.933682589688443,88.56540084388207
4460,f1_esp,-27.138562394862543,0.14116528291929303,6.1938175164192595,4.933682589688443,88.56540084388207
4461,f1_esp,-27.138562394862543,0.14116528291929303,6.1938175164192595,4.933682589688443,88.56540084388207
4462,f1_esp,-27.138562394862543,0.14116528291929303,6.1938175164192595,4.933682589688443,88.56540084388207
4463,f1_esp,-27.138562394862543,0.14116528291929303,6.1938175164192595,4.933682589688443,88.56540084388207
4464,f1_esp,-27.138562394862543,0.14116528291929303,6.1938175164192595,4.933682589688443,88.56540084388207
4465,f1_esp,-27.138562394862543,0.14116528291929303,6.1938175164192595,4.933682589688443,88.56540084388207
4466,f1_esp,-27.138562394862543,0.14116528291929303,6.1938175164192595,4.933682589688443,88.56540084388207
4467,f1_esp,-27.138562394862543,0.14116528291929303,6.1938175164192595,4.933682589688443,88.56540084388207
4468,f1_esp,-27.138562394862543,0.14116528291929303,6.1938175164192595,4.933682589688443,88.56540084388207
4469,f1_esp,-26.644557749016897,0.11757244752075266,0.02080544446897282,4.959257336213023,88.7763713080171
4470,f1_esp,-26.644557749016897,0.11757244752075266,0.02080544446897282,4.959257336213023,88.7763713080171
4471,f1_esp,-26.644557749016897,0.11757244752075266,0.02080544446897282,4.959257336213023,88.7763713080171
4472,f1_esp,-26.644557749016897,0.11757244752075266,0.02080544446897282,4.959257336213023,88.7763713080171
4473,f1_esp,-26.644557749016897,0.11757244752075266,0.02080544446897282,4.959257336213023,88.7763713080171
4474,f1_esp,-26.644557749016897,0.11757244752075266,0.02080544446897282,4.959257336213023,88.7763713080171
4475,f1_esp,-26.644557749016897,0.11757244752075266,0.02080544446897282,4.959257336213023,88.7763713080171
4476,f1_esp,-26.644557749016897,0.11757244752075266,0.02080544446897282,4.959257336213023,88.7763713080171
4477,f1_esp,-26.644557749016897,0.11757244752075266,0.02080544446897282,4.959257336213023,88.7763713080171
4478,f1_esp,-26.644557749016897,0.11757244752075266,0.02080544446897282,4.959257336213023,88.7763713080171
4479,f1_esp,-26.148412109551735,0.09585400097205853,6.184701765891795,4.974019823067066,88.98734177215212
4480,f1_esp,-26.148412109551735,0.09585400097205853,6.184701765891795,4.974019823067066,88.98734177215212
4481,f1_esp,-26.148412109551735,0.09585400097205853,6.184701765891795,4.974019823067066,88.98734177215212
4482,f1_esp,-26.148412109551735,0.09585400097205853,6.184701765891795,4.974019823067066,88.98734177215212
4483,f1_esp,-26.148412109551735,0.09585400097205853,6.184701765891795,4.974019823067066,88.98734177215212
4484,f1_esp,-26.148412109551735,0.09585400097205853,6.184701765891795,4.974019823067066,88.98734177215212
4485,f1_esp,-26.148412109551735,0.09585400097205853,6.184701765891795,4.974019823067066,88.98734177215212
4486,f1_esp,-26.148412109551735,0.09585400097205853,6.184701765891795,4.974019823067066,88.98734177215212
4487,f1_esp,-26.148412109551735,0.09585400097205853,6.184701765891795,4.974019823067066,88.98734177215212
4488,f1_esp,-26.148412109551735,0.09585400097205853,6.184701765891795,4.974019823067066,88.98734177215212
4489,f1_esp,-25.651514395177983,0.0644368062813923,6.215158536765751,4.984038857836398,89.19831223628714
4490,f1_esp,-25.651514395177983,0.0644368062813923,6.215158536765751,4.984038857836398,89.19831223628714
4491,f1_esp,-25.651514395177983,0.0644368062813923,6.215158536765751,4.984038857836398,89.19831223628714
4492,f1_esp,-25.651514395177983,0.0644368062813923,6.215158536765751,4.984038857836398,89.19831223628714
4493,f1_esp,-25.651514395177983,0.0644368062813923,6.215158536765751,4.984038857836398,89.19831223628714
4494,f1_esp,-25.651514395177983,0.0644368062813923,6.215158536765751,4.984038857836398,89.19831223628714
4495,f1_esp,-25.651514395177983,0.0644368062813923,6.215158536765751,4.984038857836398,89.19831223628714
4496,f1_esp,-25.651514395177983,0.0644368062813923,6.215158536765751,4.984038857836398,89.19831223628714
4497,f1_esp,-25.651514395177983,0.0644368062813923,6.215158536765751,4.984038857836398,89.19831223628714
4498,f1_esp,-25.651514395177983,0.0644368062813923,6.215158536765751,4.984038857836398,89.19831223628714
4499,f1_esp,-25.155238529144082,0.01588474317732377,6.117042563093867,4.990194136867338,89.40928270042215
4500,f1_esp,-25.155238529144082,0.01588474317732377,6.117042563093867,4.990194136867338,89.40928270042215
4501,f1_esp,-25.155238529144082,0.01588474317732377,6.117042563093867,4.990194136867338,89.40928270042215
4502,f1_esp,-25.155238529144082,0.01588474317732377,6.117042563093867,4.990194136867338,89.40928270042215
4503,f1_esp,-25.155238529144082,0.01588474317732377,6.117042563093867,4.990194136867338,89.40928270042215
4504,f1_esp,-25.155238529144082,0.01588474317732377,6.117042563093867,4.990194136867338,89.40928270042215
4505,f1_esp,-25.155238529144082,0.01588474317732377,6.117042563093867,4.990194136867338,89.40928270042215
4506,f1_esp,-25.155238529144082,0.01588474317732377,6.117042563093867,4.990194136867338,89.40928270042215
4507,f1_esp,-25.155238529144082,0.01588474317732377,6.117042563093867,4.990194136867338,89.40928270042215
4508,f1_esp,-25.155238529144082,0.01588474317732377,6.117042563093867,4.990194136867338,89.40928270042215
4509,f1_esp,-24.66344701576956,-0.06912992342384158,6.007397943188753,4.993975684772999,89.62025316455718
4510,f1_esp,-24.66344701576956,-0.06912992342384158,6.007397943188753,4.993975684772999,89.62025316455718
4511,f1_esp,-24.66344701576956,-0.06912992342384158,6.007397943188753,4.993975684772999,89.62025316455718
4512,f1_esp,-24.66344701576956,-0.06912992342384158,6.007397943188753,4.993975684772999,89.62025316455718
4513,f1_esp,-24.66344701576956,-0.06912992342384158,6.007397943188753,4.993975684772999,89.62025316455718
4514,f1_esp,-24.66344701576956,-0.06912992342384158,6.007397943188753,4.993975684772999,89.62025316455718
4515,f1_esp,-24.66344701576956,-0.06912992342384158,6.007397943188753,4.993975684772999,89.62025316455718
4516,f1_esp,-24.66344701576956,-0.06912992342384158,6.007397943188753,4.993975684772999,89.62025316455718
4517,f1_esp,-24.66344701576956,-0.06912992342384158,6.007397943188753,4.993975684772999,89.62025316455718
4518,f1_esp,-24.66344701576956,-0.06912992342384158,6.007397943188753,4.993975684772999,89.62025316455718
4519,f1_esp,-24.17243080153424,-0.1603136207268136,6.189008554678018,4.996164097779314,89.8312236286922
4520,f1_esp,-24.17243080153424,-0.1603136207268136,6.189008554678018,4.996164097779314,89.8312236286922
4521,f1_esp,-24.17243080153424,-0.1603136207268136,6.189008554678018,4.996164097779314,89.8312236286922
4522,f1_esp,-24.17243080153424,-0.1603136207268136,6.189008554678018,4.996164097779314,89.8312236286922
4523,f1_esp,-24.17243080153424,-0.1603136207268136,6.189008554678018,4.996164097779314,89.8312236286922
4524,f1_esp,-24.17243080153424,-0.1603136207268136,6.189008554678018,4.996164097779314,89.8312236286922
4525,f1_esp,-24.17243080153424,-0.1603136207268136,6.189008554678018,4.996164097779314,89.8312236286922
4526,f1_esp,-24.17243080153424,-0.1603136207268136,6.189008554678018,4.996164097779314,89.8312236286922
4527,f1_esp,-24.17243080153424,-0.1603136207268136,6.189008554678018,4.996164097779314,89.8312236286922
4528,f1_esp,-24.17243080153424,-0.1603136207268136,6.189008554678018,4.996164097779314,89.8312236286922
4529,f1_esp,-23.67418688329475,-0.18902453023317453,0.16765919627709125,4.997643380919687,90.04219409282722
4530,f1_esp,-23.67418688329475,-0.18902453023317453,0.16765919627709125,4.997643380919687,90.04219409282722
4531,f1_esp,-23.67418688329475,-0.18902453023317453,0.16765919627709125,4.997643380919687,90.04219409282722
4532,f1_esp,-23.67418688329475,-0.18902453023317453,0.16765919627709125,4.997643380919687,90.04219409282722
4533,f1_esp,-23.67418688329475,-0.18902453023317453,0.16765919627709125,4.997643380919687,90.04219409282722
4534,f1_esp,-23.67418688329475,-0.18902453023317453,0.16765919627709125,4.997643380919687,90.04219409282722
4535,f1_esp,-23.67418688329475,-0.18902453023317453,0.16765919627709125,4.997643380919687,90.04219409282722
4536,f1_esp,-23.67418688329475,-0.18902453023317453,0.16765919627709125,4.997643380919687,90.04219409282722
4537,f1_esp,-23.67418688329475,-0.18902453023317453,0.16765919627709125,4.997643380919687,90.04219409282722
4538,f1_esp,-23.67418688329475,-0.18902453023317453,0.16765919627709125,4.997643380919687,90.04219409282722
4539,f1_esp,-23.178897820710734,-0.12812956707977283,0.2954595108920799,4.996608300914944,90.25316455696225
4540,f1_esp,-23.178897820710734,-0.12812956707977283,0.2954595108920799,4.996608300914944,90.25316455696225
4541,f1_esp,-23.178897820710734,-0.12812956707977283,0.2954595108920799,4.996608300914944,90.25316455696225
4542,f1_esp,-23.178897820710734,-0.12812956707977283,0.2954595108920799,4.996608300914944,90.25316455696225
4543,f1_esp,-23.178897820710734,-0.12812956707977283,0.2954595108920799,4.996608300914944,90.25316455696225
4544,f1_esp,-23.178897820710734,-0.12812956707977283,0.2954595108920799,4.996608300914944,90.25316455696225
4545,f1_esp,-23.178897820710734,-0.12812956707977283,0.2954595108920799,4.996608300914944,90.25316455696225
4546,f1_esp,-23.178897820710734,-0.12812956707977283,0.2954595108920799,4.996608300914944,90.25316455696225
4547,f1_esp,-23.178897820710734,-0.12812956707977283,0.2954595108920799,4.996608300914944,90.25316455696225
4548,f1_esp,-23.178897820710734,-0.12812956707977283,0.2954595108920799,4.996608300914944,90.25316455696225
4549,f1_esp,-22.69554299164784,-0.0050232771182689845,0.31841612831796856,4.9843910404924925,90.42194092827026
4550,f1_esp,-22.69554299164784,-0.0050232771182689845,0.31841612831796856,4.9843910404924925,90.42194092827026
4551,f1_esp,-22.69554299164784,-0.0050232771182689845,0.31841612831796856,4.9843910404924925,90.42194092827026
4552,f1_esp,-22.69554299164784,-0.0050232771182689845,0.31841612831796856,4.9843910404924925,90.42194092827026
4553,f1_esp,-22.69554299164784,-0.0050232771182689845,0.31841612831796856,4.9843910404924925,90.42194092827026
4554,f1_esp,-22.69554299164784,-0.0050232771182689845,0.31841612831796856,4.9843910404924925,90.42194092827026
4555,f1_esp,-22.69554299164784,-0.0050232771182689845,0.31841612831796856,4.9843910404924925,90.42194092827026
4556,f1_esp,-22.69554299164784,-0.0050232771182689845,0.31841612831796856,4.9843910404924925,90.42194092827026
4557,f1_esp,-22.69554299164784,-0.0050232771182689845,0.31841612831796856,4.9843910404924925,90.42194092827026
4558,f1_esp,-22.69554299164784,-0.0050232771182689845,0.31841612831796856,4.9843910404924925,90.42194092827026
4559,f1_esp,-22.21646465794899,0.10756256916833405,0.09239835471330739,4.884486149022455,90.63291139240528
4560,f1_esp,-22.21646465794899,0.10756256916833405,0.09239835471330739,4.884486149022455,90.63291139240528
4561,f1_esp,-22.21646465794899,0.10756256916833405,0.09239835471330739,4.884486149022455,90.63291139240528
4562,f1_esp,-22.21646465794899,0.10756256916833405,0.09239835471330739,4.884486149022455,90.63291139240528
4563,f1_esp,-22.21646465794899,0.10756256916833405,0.09239835471330739,4.884486149022455,90.63291139240528
4564,f1_esp,-22.21646465794899,0.10756256916833405,0.09239835471330739,4.884486149022455,90.63291139240528
4565,f1_esp,-22.21646465794899,0.10756256916833405,0.09239835471330739,4.884486149022455,90.63291139240528
4566,f1_esp,-22.21646465794899,0.10756256916833405,0.09239835471330739,4.884486149022455,90.63291139240528
4567,f1_esp,-22.21646465794899,0.10756256916833405,0.09239835471330739,4.884486149022455,90.63291139240528
4568,f1_esp,-22.21646465794899,0.10756256916833405,0.09239835471330739,4.884486149022455,90.63291139240528
4569,f1_esp,-21.72810373400904,0.14672387756096814,6.162670243225494,4.926981375767948,90.8438818565403
4570,f1_esp,-21.72810373400904,0.14672387756096814,6.162670243225494,4.926981375767948,90.8438818565403
4571,f1_esp,-21.72810373400904,0.14672387756096814,6.162670243225494,4.926981375767948,90.8438818565403
4572,f1_esp,-21.72810373400904,0.14672387756096814,6.162670243225494,4.926981375767948,90.8438818565403
4573,f1_esp,-21.72810373400904,0.14672387756096814,6.162670243225494,4.926981375767948,90.8438818565403
4574,f1_esp,-21.72810373400904,0.14672387756096814,6.162670243225494,4.926981375767948,90.8438818565403
4575,f1_esp,-21.72810373400904,0.14672387756096814,6.162670243225494,4.926981375767948,90.8438818565403
4576,f1_esp,-21.72810373400904,0.14672387756096814,6.162670243225494,4.926981375767948,90.8438818565403
4577,f1_esp,-21.72810373400904,0.14672387756096814,6.162670243225494,4.926981375767948,90.8438818565403
4578,f1_esp,-21.72810373400904,0.14672387756096814,6.162670243225494,4.926981375767948,90.8438818565403
4579,f1_esp,-21.23439697841073,0.1295971812952357,6.205515261768152,4.955140388575222,91.05485232067532
4580,f1_esp,-21.23439697841073,0.1295971812952357,6.205515261768152,4.955140388575222,91.05485232067532
4581,f1_esp,-21.23439697841073,0.1295971812952357,6.205515261768152,4.955140388575222,91.05485232067532
4582,f1_esp,-21.23439697841073,0.1295971812952357,6.205515261768152,4.955140388575222,91.05485232067532
4583,f1_esp,-21.23439697841073,0.1295971812952357,6.205515261768152,4.955140388575222,91.05485232067532
4584,f1_esp,-21.23439697841073,0.1295971812952357,6.205515261768152,4.955140388575222,91.05485232067532
4585,f1_esp,-21.23439697841073,0.1295971812952357,6.205515261768152,4.955140388575222,91.05485232067532
4586,f1_esp,-21.23439697841073,0.1295971812952357,6.205515261768152,4.955140388575222,91.05485232067532
4587,f1_esp,-21.23439697841073,0.1295971812952357,6.205515261768152,4.955140388575222,91.05485232067532
4588,f1_esp,-21.23439697841073,0.1295971812952357,6.205515261768152,4.955140388575222,91.05485232067532
4589,f1_esp,-20.740508850701566,0.0811683825772602,6.108517498981406,4.972440117047579,91.26582278481035
4590,f1_esp,-20.740508850701566,0.0811683825772602,6.108517498981406,4.972440117047579,91.26582278481035
4591,f1_esp,-20.740508850701566,0.0811683825772602,6.108517498981406,4.972440117047579,91.26582278481035
4592,f1_esp,-20.740508850701566,0.0811683825772602,6.108517498981406,4.972440117047579,91.26582278481035
4593,f1_esp,-20.740508850701566,0.0811683825772602,6.108517498981406,4.972440117047579,91.26582278481035
4594,f1_esp,-20.740508850701566,0.0811683825772602,6.108517498981406,4.972440117047579,91.26582278481035
4595,f1_esp,-20.740508850701566,0.0811683825772602,6.108517498981406,4.972440117047579,91.26582278481035
4596,f1_esp,-20.740508850701566,0.0811683825772602,6.108517498981406,4.972440117047579,91.26582278481035
4597,f1_esp,-20.740508850701566,0.0811683825772602,6.108517498981406,4.972440117047579,91.26582278481035
4598,f1_esp,-20.740508850701566,0.0811683825772602,6.108517498981406,4.972440117047579,91.26582278481035
4599,f1_esp,-20.251174719312157,-0.00924107363629729,6.001066473709753,4.983068329052093,91.47679324894537
4600,f1_esp,-20.251174719312157,-0.00924107363629729,6.001066473709753,4.983068329052093,91.47679324894537
4601,f1_esp,-20.251174719312157,-0.00924107363629729,6.001066473709753,4.983068329052093,91.47679324894537
4602,f1_esp,-20.251174719312157,-0.00924107363629729,6.001066473709753,4.983068329052093,91.47679324894537
4603,f1_esp,-20.251174719312157,-0.00924107363629729,6.001066473709753,4.983068329052093,91.47679324894537
4604,f1_esp,-20.251174719312157,-0.00924107363629729,6.001066473709753,4.983068329052093,91.47679324894537
4605,f1_esp,-20.251174719312157,-0.00924107363629729,6.001066473709753,4.983068329052093,91.47679324894537
4606,f1_esp,-20.251174719312157,-0.00924107363629729,6.001066473709753,4.983068329052093,91.47679324894537
4607,f1_esp,-20.251174719312157,-0.00924107363629729,6.001066473709753,4.983068329052093,91.47679324894537
4608,f1_esp,-20.251174719312157,-0.00924107363629729,6.001066473709753,4.983068329052093,91.47679324894537
4609,f1_esp,-19.7624515786365,-0.1076582127057884,6.167938681377742,4.989533615345718,91.6877637130804
4610,f1_esp,-19.7624515786365,-0.1076582127057884,6.167938681377742,4.989533615345718,91.6877637130804
4611,f1_esp,-19.7624515786365,-0.1076582127057884,6.167938681377742,4.989533615345718,91.6877637130804
4612,f1_esp,-19.7624515786365,-0.1076582127057884,6.167938681377742,4.989533615345718,91.6877637130804
4613,f1_esp,-19.7624515786365,-0.1076582127057884,6.167938681377742,4.989533615345718,91.6877637130804
4614,f1_esp,-19.7624515786365,-0.1076582127057884,6.167938681377742,4.989533615345718,91.6877637130804
4615,f1_esp,-19.7624515786365,-0.1076582127057884,6.167938681377742,4.989533615345718,91.6877637130804
4616,f1_esp,-19.7624515786365,-0.1076582127057884,6.167938681377742,4.989533615345718,91.6877637130804
4617,f1_esp,-19.7624515786365,-0.1076582127057884,6.167938681377742,4.989533615345718,91.6877637130804
4618,f1_esp,-19.7624515786365,-0.1076582127057884,6.167938681377742,4.989533615345718,91.6877637130804
4619,f1_esp,-19.265092050225068,-0.14130471022917468,0.14019793529922428,4.993569887771081,91.89873417721542
4620,f1_esp,-19.265092050225068,-0.14130471022917468,0.14019793529922428,4.993569887771081,91.89873417721542
4621,f1_esp,-19.265092050225068,-0.14130471022917468,0.14019793529922428,4.993569887771081,91.89873417721542
4622,f1_esp,-19.265092050225068,-0.14130471022917468,0.14019793529922428,4.993569887771081,91.89873417721542
4623,f1_esp,-19.265092050225068,-0.14130471022917468,0.14019793529922428,4.993569887771081,91.89873417721542
4624,f1_esp,-19.265092050225068,-0.14130471022917468,0.14019793529922428,4.993569887771081,91.89873417721542
4625,f1_esp,-19.265092050225068,-0.14130471022917468,0.14019793529922428,4.993569887771081,91.89873417721542
4626,f1_esp,-19.265092050225068,-0.14130471022917468,0.14019793529922428,4.993569887771081,91.89873417721542
4627,f1_esp,-19.265092050225068,-0.14130471022917468,0.14019793529922428,4.993569887771081,91.89873417721542
4628,f1_esp,-19.265092050225068,-0.14130471022917468,0.14019793529922428,4.993569887771081,91.89873417721542
4629,f1_esp,-18.768982628222584,-0.0876275523658271,0.27292212658809645,4.995909965882292,92.10970464135043
4630,f1_esp,-18.768982628222584,-0.0876275523658271,0.27292212658809645,4.995909965882292,92.10970464135043
4631,f1_esp,-18.768982628222584,-0.0876275523658271,0.27292212658809645,4.995909965882292,92.10970464135043
4632,f1_esp,-18.768982628222584,-0.0876275523658271,0.27292212658809645,4.995909965882292,92.10970464135043
4633,f1_esp,-18.768982628222584,-0.0876275523658271,0.27292212658809645,4.995909965882292,92.10970464135043
4634,f1_esp,-18.768982628222584,-0.0876275523658271,0.27292212658809645,4.995909965882292,92.10970464135043
4635,f1_esp,-18.768982628222584,-0.0876275523658271,0.27292212658809645,4.995909965882292,92.10970464135043
4636,f1_esp,-18.768982628222584,-0.0876275523658271,0.27292212658809645,4.995909965882292,92.10970464135043
4637,f1_esp,-18.768982628222584,-0.0876275523658271,0.27292212658809645,4.995909965882292,92.10970464135043
4638,f1_esp,-18.768982628222584,-0.0876275523658271,0.27292212658809645,4.995909965882292,92.10970464135043
4639,f1_esp,-18.28404846349364,0.021488371891440972,0.2818352013899006,4.955985711191379,92.32067510548545
4640,f1_esp,-18.28404846349364,0.021488371891440972,0.2818352013899006,4.955985711191379,92.32067510548545
4641,f1_esp,-18.28404846349364,0.021488371891440972,0.2818352013899006,4.955985711191379,92.32067510548545
4642,f1_esp,-18.28404846349364,0.021488371891440972,0.2818352013899006,4.955985711191379,92.32067510548545
4643,f1_esp,-18.28404846349364,0.021488371891440972,0.2818352013899006,4.955985711191379,92.32067510548545
4644,f1_esp,-18.28404846349364,0.021488371891440972,0.2818352013899006,4.955985711191379,92.32067510548545
4645,f1_esp,-18.28404846349364,0.021488371891440972,0.2818352013899006,4.955985711191379,92.32067510548545
4646,f1_esp,-18.28404846349364,0.021488371891440972,0.2818352013899006,4.955985711191379,92.32067510548545
4647,f1_esp,-18.28404846349364,0.021488371891440972,0.2818352013899006,4.955985711191379,92.32067510548545
4648,f1_esp,-18.28404846349364,0.021488371891440972,0.2818352013899006,4.955985711191379,92.32067510548545
4649,f1_esp,-17.80485990250333,0.1127584186825439,0.026531010162671387,4.833110773764786,92.48945147679348
4650,f1_esp,-17.80485990250333,0.1127584186825439,0.026531010162671387,4.833110773764786,92.48945147679348
4651,f1_esp,-17.80485990250333,0.1127584186825439,0.026531010162671387,4.833110773764786,92.48945147679348
4652,f1_esp,-17.80485990250333,0.1127584186825439,0.026531010162671387,4.833110773764786,92.48945147679348
4653,f1_esp,-17.80485990250333,0.1127584186825439,0.026531010162671387,4.833110773764786,92.48945147679348
4654,f1_esp,-17.80485990250333,0.1127584186825439,0.026531010162671387,4.833110773764786,92.48945147679348
4655,f1_esp,-17.80485990250333,0.1127584186825439,0.026531010162671387,4.833110773764786,92.48945147679348
4656,f1_esp,-17.80485990250333,0.1127584186825439,0.026531010162671387,4.833110773764786,92.48945147679348
4657,f1_esp,-17.80485990250333,0.1127584186825439,0.026531010162671387,4.833110773764786,92.48945147679348
4658,f1_esp,-17.80485990250333,0.1127584186825439,0.026531010162671387,4.833110773764786,92.48945147679348
4659,f1_esp,-17.319177887231444,0.12567591961755414,6.134450030415627,4.897465498510034,92.70042194092849
4660,f1_esp,-17.319177887231444,0.12567591961755414,6.134450030415627,4.897465498510034,92.70042194092849
4661,f1_esp,-17.319177887231444,0.12567591961755414,6.134450030415627,4.897465498510034,92.70042194092849
4662,f1_esp,-17.319177887231444,0.12567591961755414,6.134450030415627,4.897465498510034,92.70042194092849
4663,f1_esp,-17.319177887231444,0.12567591961755414,6.134450030415627,4.897465498510034,92.70042194092849
4664,f1_esp,-17.319177887231444,0.12567591961755414,6.134450030415627,4.897465498510034,92.70042194092849
4665,f1_esp,-17.319177887231444,0.12567591961755414,6.134450030415627,4.897465498510034,92.70042194092849
4666,f1_esp,-17.319177887231444,0.12567591961755414,6.134450030415627,4.897465498510034,92.70042194092849
4667,f1_esp,-17.319177887231444,0.12567591961755414,6.134450030415627,4.897465498510034,92.70042194092849
4668,f1_esp,-17.319177887231444,0.12567591961755414,6.134450030415627,4.897465498510034,92.70042194092849
4669,f1_esp,-16.828404153696905,0.09584818042670833,6.227679292833226,4.937007058913413,92.91139240506351
4670,f1_esp,-16.828404153696905,0.09584818042670833,6.227679292833226,4.937007058913413,92.91139240506351
4671,f1_esp,-16.828404153696905,0.09584818042670833,6.227679292833226,4.937007058913413,92.91139240506351
4672,f1_esp,-16.828404153696905,0.09584818042670833,6.227679292833226,4.937007058913413,92.91139240506351
4673,f1_esp,-16.828404153696905,0.09584818042670833,6.227679292833226,4.937007058913413,92.91139240506351
4674,f1_esp,-16.828404153696905,0.09584818042670833,6.227679292833226,4.937007058913413,92.91139240506351
4675,f1_esp,-16.828404153696905,0.09584818042670833,6.227679292833226,4.937007058913413,92.91139240506351
4676,f1_esp,-16.828404153696905,0.09584818042670833,6.227679292833226,4.937007058913413,92.91139240506351
4677,f1_esp,-16.828404153696905,0.09584818042670833,6.227679292833226,4.937007058913413,92.91139240506351
4678,f1_esp,-16.828404153696905,0.09584818042670833,6.227679292833226,4.937007058913413,92.91139240506351
4679,f1_esp,-16.334017143794277,0.07370286000638475,6.2619706616126525,4.961299752092454,93.12236286919854
4680,f1_esp,-16.334017143794277,0.07370286000638475,6.2619706616126525,4.961299752092454,93.12236286919854
4681,f1_esp,-16.334017143794277,0.07370286000638475,6.2619706616126525,4.961299752092454,93.12236286919854
4682,f1_esp,-16.334017143794277,0.07370286000638475,6.2619706616126525,4.961299752092454,93.12236286919854
4683,f1_esp,-16.334017143794277,0.07370286000638475,6.2619706616126525,4.961299752092454,93.12236286919854
4684,f1_esp,-16.334017143794277,0.07370286000638475,6.2619706616126525,4.961299752092454,93.12236286919854
4685,f1_esp,-16.334017143794277,0.07370286000638475,6.2619706616126525,4.961299752092454,93.12236286919854
4686,f1_esp,-16.334017143794277,0.07370286000638475,6.2619706616126525,4.961299752092454,93.12236286919854
4687,f1_esp,-16.334017143794277,0.07370286000638475,6.2619706616126525,4.961299752092454,93.12236286919854
4688,f1_esp,-16.334017143794277,0.07370286000638475,6.2619706616126525,4.961299752092454,93.12236286919854
4689,f1_esp,-15.839513610702648,0.02742045784857357,6.05379778713443,4.9762241742920565,93.33333333333356
4690,f1_esp,-15.839513610702648,0.02742045784857357,6.05379778713443,4.9762241742920565,93.33333333333356
4691,f1_esp,-15.839513610702648,0.02742045784857357,6.05379778713443,4.9762241742920565,93.33333333333356
4692,f1_esp,-15.839513610702648,0.02742045784857357,6.05379778713443,4.9762241742920565,93.33333333333356
4693,f1_esp,-15.839513610702648,0.02742045784857357,6.05379778713443,4.9762241742920565,93.33333333333356
4694,f1_esp,-15.839513610702648,0.02742045784857357,6.05379778713443,4.9762241742920565,93.33333333333356
4695,f1_esp,-15.839513610702648,0.02742045784857357,6.05379778713443,4.9762241742920565,93.33333333333356
4696,f1_esp,-15.839513610702648,0.02742045784857357,6.05379778713443,4.9762241742920565,93.33333333333356
4697,f1_esp,-15.839513610702648,0.02742045784857357,6.05379778713443,4.9762241742920565,93.33333333333356
4698,f1_esp,-15.839513610702648,0.02742045784857357,6.05379778713443,4.9762241742920565,93.33333333333356
4699,f1_esp,-15.353015643941424,-0.07823008155729834,5.947168474639269,4.985393027773245,93.54430379746857
4700,f1_esp,-15.353015643941424,-0.07823008155729834,5.947168474639269,4.985393027773245,93.54430379746857
4701,f1_esp,-15.353015643941424,-0.07823008155729834,5.947168474639269,4.985393027773245,93.54430379746857
4702,f1_esp,-15.353015643941424,-0.07823008155729834,5.947168474639269,4.985393027773245,93.54430379746857
4703,f1_esp,-15.353015643941424,-0.07823008155729834,5.947168474639269,4.985393027773245,93.54430379746857
4704,f1_esp,-15.353015643941424,-0.07823008155729834,5.947168474639269,4.985393027773245,93.54430379746857
4705,f1_esp,-15.353015643941424,-0.07823008155729834,5.947168474639269,4.985393027773245,93.54430379746857
4706,f1_esp,-15.353015643941424,-0.07823008155729834,5.947168474639269,4.985393027773245,93.54430379746857
4707,f1_esp,-15.353015643941424,-0.07823008155729834,5.947168474639269,4.985393027773245,93.54430379746857
4708,f1_esp,-15.353015643941424,-0.07823008155729834,5.947168474639269,4.985393027773245,93.54430379746857
4709,f1_esp,-14.908813660019364,-0.1793883469589985,6.197252266933089,4.034393027773241,93.7130801687766
4710,f1_esp,-14.908813660019364,-0.1793883469589985,6.197252266933089,4.034393027773241,93.7130801687766
4711,f1_esp,-14.908813660019364,-0.1793883469589985,6.197252266933089,4.034393027773241,93.7130801687766
4712,f1_esp,-14.908813660019364,-0.1793883469589985,6.197252266933089,4.034393027773241,93.7130801687766
4713,f1_esp,-14.908813660019364,-0.1793883469589985,6.197252266933089,4.034393027773241,93.7130801687766
4714,f1_esp,-14.908813660019364,-0.1793883469589985,6.197252266933089,4.034393027773241,93.7130801687766
4715,f1_esp,-14.908813660019364,-0.1793883469589985,6.197252266933089,4.034393027773241,93.7130801687766
4716,f1_esp,-14.908813660019364,-0.1793883469589985,6.197252266933089,4.034393027773241,93.7130801687766
4717,f1_esp,-14.908813660019364,-0.1793883469589985,6.197252266933089,4.034393027773241,93.7130801687766
4718,f1_esp,-14.908813660019364,-0.1793883469589985,6.197252266933089,4.034393027773241,93.7130801687766
4719,f1_esp,-14.488205736604899,-0.19638090756036364,0.140519617603719,4.406771162580526,93.92405063291162
4720,f1_esp,-14.488205736604899,-0.19638090756036364,0.140519617603719,4.406771162580526,93.92405063291162
4721,f1_esp,-14.488205736604899,-0.19638090756036364,0.140519617603719,4.406771162580526,93.92405063291162
4722,f1_esp,-14.488205736604899,-0.19638090756036364,0.140519617603719,4.406771162580526,93.92405063291162
4723,f1_esp,-14.488205736604899,-0.19638090756036364,0.140519617603719,4.406771162580526,93.92405063291162
4724,f1_esp,-14.488205736604899,-0.19638090756036364,0.140519617603719,4.406771162580526,93.92405063291162
4725,f1_esp,-14.488205736604899,-0.19638090756036364,0.140519617603719,4.406771162580526,93.92405063291162
4726,f1_esp,-14.488205736604899,-0.19638090756036364,0.140519617603719,4.406771162580526,93.92405063291162
4727,f1_esp,-14.488205736604899,-0.19638090756036364,0.140519617603719,4.406771162580526,93.92405063291162
4728,f1_esp,-14.488205736604899,-0.19638090756036364,0.140519617603719,4.406771162580526,93.92405063291162
4729,f1_esp,-14.039997433243935,-0.1417444820611974,0.23381996871646532,4.635543910217257,94.09282700421964
4730,f1_esp,-14.039997433243935,-0.1417444820611974,0.23381996871646532,4.635543910217257,94.09282700421964
4731,f1_esp,-14.039997433243935,-0.1417444820611974,0.23381996871646532,4.635543910217257,94.09282700421964
4732,f1_esp,-14.039997433243935,-0.1417444820611974,0.23381996871646532,4.635543910217257,94.09282700421964
4733,f1_esp,-14.039997433243935,-0.1417444820611974,0.23381996871646532,4.635543910217257,94.09282700421964
4734,f1_esp,-14.039997433243935,-0.1417444820611974,0.23381996871646532,4.635543910217257,94.09282700421964
4735,f1_esp,-14.039997433243935,-0.1417444820611974,0.23381996871646532,4.635543910217257,94.09282700421964
4736,f1_esp,-14.039997433243935,-0.1417444820611974,0.23381996871646532,4.635543910217257,94.09282700421964
4737,f1_esp,-14.039997433243935,-0.1417444820611974,0.23381996871646532,4.635543910217257,94.09282700421964
4738,f1_esp,-14.039997433243935,-0.1417444820611974,0.23381996871646532,4.635543910217257,94.09282700421964
4739,f1_esp,-13.582498026131594,-0.03402715360755056,0.3020678279560962,4.769091259461187,94.30379746835466
4740,f1_esp,-13.582498026131594,-0.03402715360755056,0.3020678279560962,4.769091259461187,94.30379746835466
4741,f1_esp,-13.582498026131594,-0.03402715360755056,0.3020678279560962,4.769091259461187,94.30379746835466
4742,f1_esp,-13.582498026131594,-0.03402715360755056,0.3020678279560962,4.769091259461187,94.30379746835466
4743,f1_esp,-13.582498026131594,-0.03402715360755056,0.3020678279560962,4.769091259461187,94.30379746835466
4744,f1_esp,-13.582498026131594,-0.03402715360755056,0.3020678279560962,4.769091259461187,94.30379746835466
4745,f1_esp,-13.582498026131594,-0.03402715360755056,0.3020678279560962,4.769091259461187,94.30379746835466
4746,f1_esp,-13.582498026131594,-0.03402715360755056,0.3020678279560962,4.769091259461187,94.30379746835466
4747,f1_esp,-13.582498026131594,-0.03402715360755056,0.3020678279560962,4.769091259461187,94.30379746835466
4748,f1_esp,-13.582498026131594,-0.03402715360755056,0.3020678279560962,4.769091259461187,94.30379746835466
4749,f1_esp,-13.137904684385743,0.07581852126959344,0.1775619976463153,4.460887389186551,94.47257383966267
4750,f1_esp,-13.137904684385743,0.07581852126959344,0.1775619976463153,4.460887389186551,94.47257383966267
4751,f1_esp,-13.137904684385743,0.07581852126959344,0.1775619976463153,4.460887389186551,94.47257383966267
4752,f1_esp,-13.137904684385743,0.07581852126959344,0.1775619976463153,4.460887389186551,94.47257383966267
4753,f1_esp,-13.137904684385743,0.07581852126959344,0.1775619976463153,4.460887389186551,94.47257383966267
4754,f1_esp,-13.137904684385743,0.07581852126959344,0.1775619976463153,4.460887389186551,94.47257383966267
4755,f1_esp,-13.137904684385743,0.07581852126959344,0.1775619976463153,4.460887389186551,94.47257383966267
4756,f1_esp,-13.137904684385743,0.07581852126959344,0.1775619976463153,4.460887389186551,94.47257383966267
4757,f1_esp,-13.137904684385743,0.07581852126959344,0.1775619976463153,4.460887389186551,94.47257383966267
4758,f1_esp,-13.137904684385743,0.07581852126959344,0.1775619976463153,4.460887389186551,94.47257383966267
4759,f1_esp,-12.686250682475622,0.13543354242938693,6.266027047823675,4.662011243865971,94.68354430379769
4760,f1_esp,-12.686250682475622,0.13543354242938693,6.266027047823675,4.662011243865971,94.68354430379769
4761,f1_esp,-12.686250682475622,0.13543354242938693,6.266027047823675,4.662011243865971,94.68354430379769
4762,f1_esp,-12.686250682475622,0.13543354242938693,6.266027047823675,4.662011243865971,94.68354430379769
4763,f1_esp,-12.686250682475622,0.13543354242938693,6.266027047823675,4.662011243865971,94.68354430379769
4764,f1_esp,-12.686250682475622,0.13543354242938693,6.266027047823675,4.662011243865971,94.68354430379769
4765,f1_esp,-12.686250682475622,0.13543354242938693,6.266027047823675,4.662011243865971,94.68354430379769
4766,f1_esp,-12.686250682475622,0.13543354242938693,6.266027047823675,4.662011243865971,94.68354430379769
4767,f1_esp,-12.686250682475622,0.13543354242938693,6.266027047823675,4.662011243865971,94.68354430379769
4768,f1_esp,-12.686250682475622,0.13543354242938693,6.266027047823675,4.662011243865971,94.68354430379769
4769,f1_esp,-12.21405375871331,0.15314753133440376,6.275676270448679,4.7923537395345575,94.85232067510572
4770,f1_esp,-12.21405375871331,0.15314753133440376,6.275676270448679,4.7923537395345575,94.85232067510572
4771,f1_esp,-12.21405375871331,0.15314753133440376,6.275676270448679,4.7923537395345575,94.85232067510572
4772,f1_esp,-12.21405375871331,0.15314753133440376,6.275676270448679,4.7923537395345575,94.85232067510572
4773,f1_esp,-12.21405375871331,0.15314753133440376,6.275676270448679,4.7923537395345575,94.85232067510572
4774,f1_esp,-12.21405375871331,0.15314753133440376,6.275676270448679,4.7923537395345575,94.85232067510572
4775,f1_esp,-12.21405375871331,0.15314753133440376,6.275676270448679,4.7923537395345575,94.85232067510572
4776,f1_esp,-12.21405375871331,0.15314753133440376,6.275676270448679,4.7923537395345575,94.85232067510572
4777,f1_esp,-12.21405375871331,0.15314753133440376,6.275676270448679,4.7923537395345575,94.85232067510572
4778,f1_esp,-12.21405375871331,0.15314753133440376,6.275676270448679,4.7923537395345575,94.85232067510572
4779,f1_esp,-11.731647680956225,0.1313711522092868,6.11801615915347,4.872430757820286,95.06329113924073
4780,f1_esp,-11.731647680956225,0.1313711522092868,6.11801615915347,4.872430757820286,95.06329113924073
4781,f1_esp,-11.731647680956225,0.1313711522092868,6.11801615915347,4.872430757820286,95.06329113924073
4782,f1_esp,-11.731647680956225,0.1313711522092868,6.11801615915347,4.872430757820286,95.06329113924073
4783,f1_esp,-11.731647680956225,0.1313711522092868,6.11801615915347,4.872430757820286,95.06329113924073
4784,f1_esp,-11.731647680956225,0.1313711522092868,6.11801615915347,4.872430757820286,95.06329113924073
4785,f1_esp,-11.731647680956225,0.1313711522092868,6.11801615915347,4.872430757820286,95.06329113924073
4786,f1_esp,-11.731647680956225,0.1313711522092868,6.11801615915347,4.872430757820286,95.06329113924073
4787,f1_esp,-11.731647680956225,0.1313711522092868,6.11801615915347,4.872430757820286,95.06329113924073
4788,f1_esp,-11.731647680956225,0.1313711522092868,6.11801615915347,4.872430757820286,95.06329113924073
4789,f1_esp,-11.250298583051544,0.04354061136388587,5.953578218236836,4.921626730542653,95.27426160337576
4790,f1_esp,-11.250298583051544,0.04354061136388587,5.953578218236836,4.921626730542653,95.27426160337576
4791,f1_esp,-11.250298583051544,0.04354061136388587,5.953578218236836,4.921626730542653,95.27426160337576
4792,f1_esp,-11.250298583051544,0.04354061136388587,5.953578218236836,4.921626730542653,95.27426160337576
4793,f1_esp,-11.250298583051544,0.04354061136388587,5.953578218236836,4.921626730542653,95.27426160337576
4794,f1_esp,-11.250298583051544,0.04354061136388587,5.953578218236836,4.921626730542653,95.27426160337576
4795,f1_esp,-11.250298583051544,0.04354061136388587,5.953578218236836,4.921626730542653,95.27426160337576
4796,f1_esp,-11.250298583051544,0.04354061136388587,5.953578218236836,4.921626730542653,95.27426160337576
4797,f1_esp,-11.250298583051544,0.04354061136388587,5.953578218236836,4.921626730542653,95.27426160337576
4798,f1_esp,-11.250298583051544,0.04354061136388587,5.953578218236836,4.921626730542653,95.27426160337576
4799,f1_esp,-10.812599718508347,-0.05787465151022144,6.113044502468646,3.9706267305426493,95.44303797468378
4800,f1_esp,-10.812599718508347,-0.05787465151022144,6.113044502468646,3.9706267305426493,95.44303797468378
4801,f1_esp,-10.812599718508347,-0.05787465151022144,6.113044502468646,3.9706267305426493,95.44303797468378
4802,f1_esp,-10.812599718508347,-0.05787465151022144,6.113044502468646,3.9706267305426493,95.44303797468378
4803,f1_esp,-10.812599718508347,-0.05787465151022144,6.113044502468646,3.9706267305426493,95.44303797468378
4804,f1_esp,-10.812599718508347,-0.05787465151022144,6.113044502468646,3.9706267305426493,95.44303797468378
4805,f1_esp,-10.812599718508347,-0.05787465151022144,6.113044502468646,3.9706267305426493,95.44303797468378
4806,f1_esp,-10.812599718508347,-0.05787465151022144,6.113044502468646,3.9706267305426493,95.44303797468378
4807,f1_esp,-10.812599718508347,-0.05787465151022144,6.113044502468646,3.9706267305426493,95.44303797468378
4808,f1_esp,-10.812599718508347,-0.05787465151022144,6.113044502468646,3.9706267305426493,95.44303797468378
4809,f1_esp,-10.398497077025805,-0.09698746772733259,0.0422808262030077,4.367595681833173,95.6540084388188
4810,f1_esp,-10.398497077025805,-0.09698746772733259,0.0422808262030077,4.367595681833173,95.6540084388188
4811,f1_esp,-10.398497077025805,-0.09698746772733259,0.0422808262030077,4.367595681833173,95.6540084388188
4812,f1_esp,-10.398497077025805,-0.09698746772733259,0.0422808262030077,4.367595681833173,95.6540084388188
4813,f1_esp,-10.398497077025805,-0.09698746772733259,0.0422808262030077,4.367595681833173,95.6540084388188
4814,f1_esp,-10.398497077025805,-0.09698746772733259,0.0422808262030077,4.367595681833173,95.6540084388188
4815,f1_esp,-10.398497077025805,-0.09698746772733259,0.0422808262030077,4.367595681833173,95.6540084388188
4816,f1_esp,-10.398497077025805,-0.09698746772733259,0.0422808262030077,4.367595681833173,95.6540084388188
4817,f1_esp,-10.398497077025805,-0.09698746772733259,0.0422808262030077,4.367595681833173,95.6540084388188
4818,f1_esp,-10.398497077025805,-0.09698746772733259,0.0422808262030077,4.367595681833173,95.6540084388188
4819,f1_esp,-9.95062181991946,-0.07389249866103563,0.16290939144118877,4.611476994650373,95.82278481012682
4820,f1_esp,-9.95062181991946,-0.07389249866103563,0.16290939144118877,4.611476994650373,95.82278481012682
4821,f1_esp,-9.95062181991946,-0.07389249866103563,0.16290939144118877,4.611476994650373,95.82278481012682
4822,f1_esp,-9.95062181991946,-0.07389249866103563,0.16290939144118877,4.611476994650373,95.82278481012682
4823,f1_esp,-9.95062181991946,-0.07389249866103563,0.16290939144118877,4.611476994650373,95.82278481012682
4824,f1_esp,-9.95062181991946,-0.07389249866103563,0.16290939144118877,4.611476994650373,95.82278481012682
4825,f1_esp,-9.95062181991946,-0.07389249866103563,0.16290939144118877,4.611476994650373,95.82278481012682
4826,f1_esp,-9.95062181991946,-0.07389249866103563,0.16290939144118877,4.611476994650373,95.82278481012682
4827,f1_esp,-9.95062181991946,-0.07389249866103563,0.16290939144118877,4.611476994650373,95.82278481012682
4828,f1_esp,-9.95062181991946,-0.07389249866103563,0.16290939144118877,4.611476994650373,95.82278481012682
4829,f1_esp,-9.48837256636278,0.0008799578775118191,0.2554000401100827,4.759802078991502,96.03375527426185
4830,f1_esp,-9.48837256636278,0.0008799578775118191,0.2554000401100827,4.759802078991502,96.03375527426185
4831,f1_esp,-9.48837256636278,0.0008799578775118191,0.2554000401100827,4.759802078991502,96.03375527426185
4832,f1_esp,-9.48837256636278,0.0008799578775118191,0.2554000401100827,4.759802078991502,96.03375527426185
4833,f1_esp,-9.48837256636278,0.0008799578775118191,0.2554000401100827,4.759802078991502,96.03375527426185
4834,f1_esp,-9.48837256636278,0.0008799578775118191,0.2554000401100827,4.759802078991502,96.03375527426185
4835,f1_esp,-9.48837256636278,0.0008799578775118191,0.2554000401100827,4.759802078991502,96.03375527426185
4836,f1_esp,-9.48837256636278,0.0008799578775118191,0.2554000401100827,4.759802078991502,96.03375527426185
4837,f1_esp,-9.48837256636278,0.0008799578775118191,0.2554000401100827,4.759802078991502,96.03375527426185
4838,f1_esp,-9.48837256636278,0.0008799578775118191,0.2554000401100827,4.759802078991502,96.03375527426185
4839,f1_esp,-9.029494215513301,0.10911777835283655,0.26759361256159064,4.686693449110586,96.20253164556985
4840,f1_esp,-9.029494215513301,0.10911777835283655,0.26759361256159064,4.686693449110586,96.20253164556985
4841,f1_esp,-9.029494215513301,0.10911777835283655,0.26759361256159064,4.686693449110586,96.20253164556985
4842,f1_esp,-9.029494215513301,0.10911777835283655,0.26759361256159064,4.686693449110586,96.20253164556985
4843,f1_esp,-9.029494215513301,0.10911777835283655,0.26759361256159064,4.686693449110586,96.20253164556985
4844,f1_esp,-9.029494215513301,0.10911777835283655,0.26759361256159064,4.686693449110586,96.20253164556985
4845,f1_esp,-9.029494215513301,0.10911777835283655,0.26759361256159064,4.686693449110586,96.20253164556985
4846,f1_esp,-9.029494215513301,0.10911777835283655,0.26759361256159064,4.686693449110586,96.20253164556985
4847,f1_esp,-9.029494215513301,0.10911777835283655,0.26759361256159064,4.686693449110586,96.20253164556985
4848,f1_esp,-9.029494215513301,0.10911777835283655,0.26759361256159064,4.686693449110586,96.20253164556985
4849,f1_esp,-8.581031812689995,0.19333377655780276,0.0409240620612194,4.488925617668073,96.41350210970488
4850,f1_esp,-8.581031812689995,0.19333377655780276,0.0409240620612194,4.488925617668073,96.41350210970488
4851,f1_esp,-8.581031812689995,0.19333377655780276,0.0409240620612194,4.488925617668073,96.41350210970488
4852,f1_esp,-8.581031812689995,0.19333377655780276,0.0409240620612194,4.488925617668073,96.41350210970488
4853,f1_esp,-8.581031812689995,0.19333377655780276,0.0409240620612194,4.488925617668073,96.41350210970488
4854,f1_esp,-8.581031812689995,0.19333377655780276,0.0409240620612194,4.488925617668073,96.41350210970488
4855,f1_esp,-8.581031812689995,0.19333377655780276,0.0409240620612194,4.488925617668073,96.41350210970488
4856,f1_esp,-8.581031812689995,0.19333377655780276,0.0409240620612194,4.488925617668073,96.41350210970488
4857,f1_esp,-8.581031812689995,0.19333377655780276,0.0409240620612194,4.488925617668073,96.41350210970488
4858,f1_esp,-8.581031812689995,0.19333377655780276,0.0409240620612194,4.488925617668073,96.41350210970488
4859,f1_esp,-8.12320075983177,0.20465741784837124,6.129360898689577,4.686015461300926,96.58227848101289
4860,f1_esp,-8.12320075983177,0.20465741784837124,6.129360898689577,4.686015461300926,96.58227848101289
4861,f1_esp,-8.12320075983177,0.20465741784837124,6.129360898689577,4.686015461300926,96.58227848101289
4862,f1_esp,-8.12320075983177,0.20465741784837124,6.129360898689577,4.686015461300926,96.58227848101289
4863,f1_esp,-8.12320075983177,0.20465741784837124,6.129360898689577,4.686015461300926,96.58227848101289
4864,f1_esp,-8.12320075983177,0.20465741784837124,6.129360898689577,4.686015461300926,96.58227848101289
4865,f1_esp,-8.12320075983177,0.20465741784837124,6.129360898689577,4.686015461300926,96.58227848101289
4866,f1_esp,-8.12320075983177,0.20465741784837124,6.129360898689577,4.686015461300926,96.58227848101289
4867,f1_esp,-8.12320075983177,0.20465741784837124,6.129360898689577,4.686015461300926,96.58227848101289
4868,f1_esp,-8.12320075983177,0.20465741784837124,6.129360898689577,4.686015461300926,96.58227848101289
4869,f1_esp,-7.650236739435616,0.1662602491906135,6.196063914191285,4.807100934212808,96.79324894514792
4870,f1_esp,-7.650236739435616,0.1662602491906135,6.196063914191285,4.807100934212808,96.79324894514792
4871,f1_esp,-7.650236739435616,0.1662602491906135,6.196063914191285,4.807100934212808,96.79324894514792
4872,f1_esp,-7.650236739435616,0.1662602491906135,6.196063914191285,4.807100934212808,96.79324894514792
4873,f1_esp,-7.650236739435616,0.1662602491906135,6.196063914191285,4.807100934212808,96.79324894514792
4874,f1_esp,-7.650236739435616,0.1662602491906135,6.196063914191285,4.807100934212808,96.79324894514792
4875,f1_esp,-7.650236739435616,0.1662602491906135,6.196063914191285,4.807100934212808,96.79324894514792
4876,f1_esp,-7.650236739435616,0.1662602491906135,6.196063914191285,4.807100934212808,96.79324894514792
4877,f1_esp,-7.650236739435616,0.1662602491906135,6.196063914191285,4.807100934212808,96.79324894514792
4878,f1_esp,-7.650236739435616,0.1662602491906135,6.196063914191285,4.807100934212808,96.79324894514792
4879,f1_esp,-7.166679939360417,0.13918011444814768,0.0030617943111572107,4.881490822013902,97.00421940928294
4880,f1_esp,-7.166679939360417,0.13918011444814768,0.0030617943111572107,4.881490822013902,97.00421940928294
4881,f1_esp,-7.166679939360417,0.13918011444814768,0.0030617943111572107,4.881490822013902,97.00421940928294
4882,f1_esp,-7.166679939360417,0.13918011444814768,0.0030617943111572107,4.881490822013902,97.00421940928294
4883,f1_esp,-7.166679939360417,0.13918011444814768,0.0030617943111572107,4.881490822013902,97.00421940928294
4884,f1_esp,-7.166679939360417,0.13918011444814768,0.0030617943111572107,4.881490822013902,97.00421940928294
4885,f1_esp,-7.166679939360417,0.13918011444814768,0.0030617943111572107,4.881490822013902,97.00421940928294
4886,f1_esp,-7.166679939360417,0.13918011444814768,0.0030617943111572107,4.881490822013902,97.00421940928294
4887,f1_esp,-7.166679939360417,0.13918011444814768,0.0030617943111572107,4.881490822013902,97.00421940928294
4888,f1_esp,-7.166679939360417,0.13918011444814768,0.0030617943111572107,4.881490822013902,97.00421940928294
4889,f1_esp,-6.677495733317459,0.10589686986305369,6.1361391968293155,4.927149069484185,97.21518987341796
4890,f1_esp,-6.677495733317459,0.10589686986305369,6.1361391968293155,4.927149069484185,97.21518987341796
4891,f1_esp,-6.677495733317459,0.10589686986305369,6.1361391968293155,4.927149069484185,97.21518987341796
4892,f1_esp,-6.677495733317459,0.10589686986305369,6.1361391968293155,4.927149069484185,97.21518987341796
4893,f1_esp,-6.677495733317459,0.10589686986305369,6.1361391968293155,4.927149069484185,97.21518987341796
4894,f1_esp,-6.677495733317459,0.10589686986305369,6.1361391968293155,4.927149069484185,97.21518987341796
4895,f1_esp,-6.677495733317459,0.10589686986305369,6.1361391968293155,4.927149069484185,97.21518987341796
4896,f1_esp,-6.677495733317459,0.10589686986305369,6.1361391968293155,4.927149069484185,97.21518987341796
4897,f1_esp,-6.677495733317459,0.10589686986305369,6.1361391968293155,4.927149069484185,97.21518987341796
4898,f1_esp,-6.677495733317459,0.10589686986305369,6.1361391968293155,4.927149069484185,97.21518987341796
4899,f1_esp,-6.185920075416525,0.05614669008071122,6.1826984092048525,4.95524336666077,97.42616033755299
4900,f1_esp,-6.185920075416525,0.05614669008071122,6.1826984092048525,4.95524336666077,97.42616033755299
4901,f1_esp,-6.185920075416525,0.05614669008071122,6.1826984092048525,4.95524336666077,97.42616033755299
4902,f1_esp,-6.185920075416525,0.05614669008071122,6.1826984092048525,4.95524336666077,97.42616033755299
4903,f1_esp,-6.185920075416525,0.05614669008071122,6.1826984092048525,4.95524336666077,97.42616033755299
4904,f1_esp,-6.185920075416525,0.05614669008071122,6.1826984092048525,4.95524336666077,97.42616033755299
4905,f1_esp,-6.185920075416525,0.05614669008071122,6.1826984092048525,4.95524336666077,97.42616033755299
4906,f1_esp,-6.185920075416525,0.05614669008071122,6.1826984092048525,4.95524336666077,97.42616033755299
4907,f1_esp,-6.185920075416525,0.05614669008071122,6.1826984092048525,4.95524336666077,97.42616033755299
4908,f1_esp,-6.185920075416525,0.05614669008071122,6.1826984092048525,4.95524336666077,97.42616033755299
4909,f1_esp,-5.690147431068687,0.03563856829958343,0.07710262116510337,4.972503359522269,97.63713080168802
4910,f1_esp,-5.690147431068687,0.03563856829958343,0.07710262116510337,4.972503359522269,97.63713080168802
4911,f1_esp,-5.690147431068687,0.03563856829958343,0.07710262116510337,4.972503359522269,97.63713080168802
4912,f1_esp,-5.690147431068687,0.03563856829958343,0.07710262116510337,4.972503359522269,97.63713080168802
4913,f1_esp,-5.690147431068687,0.03563856829958343,0.07710262116510337,4.972503359522269,97.63713080168802
4914,f1_esp,-5.690147431068687,0.03563856829958343,0.07710262116510337,4.972503359522269,97.63713080168802
4915,f1_esp,-5.690147431068687,0.03563856829958343,0.07710262116510337,4.972503359522269,97.63713080168802
4916,f1_esp,-5.690147431068687,0.03563856829958343,0.07710262116510337,4.972503359522269,97.63713080168802
4917,f1_esp,-5.690147431068687,0.03563856829958343,0.07710262116510337,4.972503359522269,97.63713080168802
4918,f1_esp,-5.690147431068687,0.03563856829958343,0.07710262116510337,4.972503359522269,97.63713080168802
4919,f1_esp,-5.193115858664049,0.059670255626137675,0.1479467808870755,4.983106332120146,97.84810126582303
4920,f1_esp,-5.193115858664049,0.059670255626137675,0.1479467808870755,4.983106332120146,97.84810126582303
4921,f1_esp,-5.193115858664049,0.059670255626137675,0.1479467808870755,4.983106332120146,97.84810126582303
4922,f1_esp,-5.193115858664049,0.059670255626137675,0.1479467808870755,4.983106332120146,97.84810126582303
4923,f1_esp,-5.193115858664049,0.059670255626137675,0.1479467808870755,4.983106332120146,97.84810126582303
4924,f1_esp,-5.193115858664049,0.059670255626137675,0.1479467808870755,4.983106332120146,97.84810126582303
4925,f1_esp,-5.193115858664049,0.059670255626137675,0.1479467808870755,4.983106332120146,97.84810126582303
4926,f1_esp,-5.193115858664049,0.059670255626137675,0.1479467808870755,4.983106332120146,97.84810126582303
4927,f1_esp,-5.193115858664049,0.059670255626137675,0.1479467808870755,4.983106332120146,97.84810126582303
4928,f1_esp,-5.193115858664049,0.059670255626137675,0.1479467808870755,4.983106332120146,97.84810126582303
4929,f1_esp,-4.699132223604212,0.12631856333065594,0.2274888817224098,4.989203184935221,98.05907172995805
4930,f1_esp,-4.699132223604212,0.12631856333065594,0.2274888817224098,4.989203184935221,98.05907172995805
4931,f1_esp,-4.699132223604212,0.12631856333065594,0.2274888817224098,4.989203184935221,98.05907172995805
4932,f1_esp,-4.699132223604212,0.12631856333065594,0.2274888817224098,4.989203184935221,98.05907172995805
4933,f1_esp,-4.699132223604212,0.12631856333065594,0.2274888817224098,4.989203184935221,98.05907172995805
4934,f1_esp,-4.699132223604212,0.12631856333065594,0.2274888817224098,4.989203184935221,98.05907172995805
4935,f1_esp,-4.699132223604212,0.12631856333065594,0.2274888817224098,4.989203184935221,98.05907172995805
4936,f1_esp,-4.699132223604212,0.12631856333065594,0.2274888817224098,4.989203184935221,98.05907172995805
4937,f1_esp,-4.699132223604212,0.12631856333065594,0.2274888817224098,4.989203184935221,98.05907172995805
4938,f1_esp,-4.699132223604212,0.12631856333065594,0.2274888817224098,4.989203184935221,98.05907172995805
4939,f1_esp,-4.227537410879332,0.22271928151275766,0.24350355824051664,4.7026989825527705,98.22784810126606
4940,f1_esp,-4.227537410879332,0.22271928151275766,0.24350355824051664,4.7026989825527705,98.22784810126606
4941,f1_esp,-4.227537410879332,0.22271928151275766,0.24350355824051664,4.7026989825527705,98.22784810126606
4942,f1_esp,-4.227537410879332,0.22271928151275766,0.24350355824051664,4.7026989825527705,98.22784810126606
4943,f1_esp,-4.227537410879332,0.22271928151275766,0.24350355824051664,4.7026989825527705,98.22784810126606
4944,f1_esp,-4.227537410879332,0.22271928151275766,0.24350355824051664,4.7026989825527705,98.22784810126606
4945,f1_esp,-4.227537410879332,0.22271928151275766,0.24350355824051664,4.7026989825527705,98.22784810126606
4946,f1_esp,-4.227537410879332,0.22271928151275766,0.24350355824051664,4.7026989825527705,98.22784810126606
4947,f1_esp,-4.227537410879332,0.22271928151275766,0.24350355824051664,4.7026989825527705,98.22784810126606
4948,f1_esp,-4.227537410879332,0.22271928151275766,0.24350355824051664,4.7026989825527705,98.22784810126606
4949,f1_esp,-3.784012858640314,0.2930357619637932,0.011487780076380141,4.361222512505664,98.43881856540109
4950,f1_esp,-3.784012858640314,0.2930357619637932,0.011487780076380141,4.361222512505664,98.43881856540109
4951,f1_esp,-3.784012858640314,0.2930357619637932,0.011487780076380141,4.361222512505664,98.43881856540109
4952,f1_esp,-3.784012858640314,0.2930357619637932,0.011487780076380141,4.361222512505664,98.43881856540109
4953,f1_esp,-3.784012858640314,0.2930357619637932,0.011487780076380141,4.361222512505664,98.43881856540109
4954,f1_esp,-3.784012858640314,0.2930357619637932,0.011487780076380141,4.361222512505664,98.43881856540109
4955,f1_esp,-3.784012858640314,0.2930357619637932,0.011487780076380141,4.361222512505664,98.43881856540109
4956,f1_esp,-3.784012858640314,0.2930357619637932,0.011487780076380141,4.361222512505664,98.43881856540109
4957,f1_esp,-3.784012858640314,0.2930357619637932,0.011487780076380141,4.361222512505664,98.43881856540109
4958,f1_esp,-3.784012858640314,0.2930357619637932,0.011487780076380141,4.361222512505664,98.43881856540109
4959,f1_esp,-3.3365090474616292,0.28332645626423025,6.105717444782785,4.6075580211580744,98.6075949367091
4960,f1_esp,-3.3365090474616292,0.28332645626423025,6.105717444782785,4.6075580211580744,98.6075949367091
4961,f1_esp,-3.3365090474616292,0.28332645626423025,6.105717444782785,4.6075580211580744,98.6075949367091
4962,f1_esp,-3.3365090474616292,0.28332645626423025,6.105717444782785,4.6075580211580744,98.6075949367091
4963,f1_esp,-3.3365090474616292,0.28332645626423025,6.105717444782785,4.6075580211580744,98.6075949367091
4964,f1_esp,-3.3365090474616292,0.28332645626423025,6.105717444782785,4.6075580211580744,98.6075949367091
4965,f1_esp,-3.3365090474616292,0.28332645626423025,6.105717444782785,4.6075580211580744,98.6075949367091
4966,f1_esp,-3.3365090474616292,0.28332645626423025,6.105717444782785,4.6075580211580744,98.6075949367091
4967,f1_esp,-3.3365090474616292,0.28332645626423025,6.105717444782785,4.6075580211580744,98.6075949367091
4968,f1_esp,-3.3365090474616292,0.28332645626423025,6.105717444782785,4.6075580211580744,98.6075949367091
4969,f1_esp,-2.8713701131799096,0.23021174909199324,6.176965589164007,4.758899940080051,98.81856540084412
4970,f1_esp,-2.8713701131799096,0.23021174909199324,6.176965589164007,4.758899940080051,98.81856540084412
4971,f1_esp,-2.8713701131799096,0.23021174909199324,6.176965589164007,4.758899940080051,98.81856540084412
4972,f1_esp,-2.8713701131799096,0.23021174909199324,6.176965589164007,4.758899940080051,98.81856540084412
4973,f1_esp,-2.8713701131799096,0.23021174909199324,6.176965589164007,4.758899940080051,98.81856540084412
4974,f1_esp,-2.8713701131799096,0.23021174909199324,6.176965589164007,4.758899940080051,98.81856540084412
4975,f1_esp,-2.8713701131799096,0.23021174909199324,6.176965589164007,4.758899940080051,98.81856540084412
4976,f1_esp,-2.8713701131799096,0.23021174909199324,6.176965589164007,4.758899940080051,98.81856540084412
4977,f1_esp,-2.8713701131799096,0.23021174909199324,6.176965589164007,4.758899940080051,98.81856540084412
4978,f1_esp,-2.8713701131799096,0.23021174909199324,6.176965589164007,4.758899940080051,98.81856540084412
4979,f1_esp,-2.392108969766882,0.19817410663162602,0.033224270440665477,4.851878132240238,99.02953586497915
4980,f1_esp,-2.392108969766882,0.19817410663162602,0.033224270440665477,4.851878132240238,99.02953586497915
4981,f1_esp,-2.392108969766882,0.19817410663162602,0.033224270440665477,4.851878132240238,99.02953586497915
4982,f1_esp,-2.392108969766882,0.19817410663162602,0.033224270440665477,4.851878132240238,99.02953586497915
4983,f1_esp,-2.392108969766882,0.19817410663162602,0.033224270440665477,4.851878132240238,99.02953586497915
4984,f1_esp,-2.392108969766882,0.19817410663162602,0.033224270440665477,4.851878132240238,99.02953586497915
4985,f1_esp,-2.392108969766882,0.19817410663162602,0.033224270440665477,4.851878132240238,99.02953586497915
4986,f1_esp,-2.392108969766882,0.19817410663162602,0.033224270440665477,4.851878132240238,99.02953586497915
4987,f1_esp,-2.392108969766882,0.19817410663162602,0.033224270440665477,4.851878132240238,99.02953586497915
4988,f1_esp,-2.392108969766882,0.19817410663162602,0.033224270440665477,4.851878132240238,99.02953586497915
4989,f1_esp,-1.9043508795807071,0.18324275734441267,6.241123777217252,4.90899982075003,99.24050632911417
4990,f1_esp,-1.9043508795807071,0.18324275734441267,6.241123777217252,4.90899982075003,99.24050632911417
4991,f1_esp,-1.9043508795807071,0.18324275734441267,6.241123777217252,4.90899982075003,99.24050632911417
4992,f1_esp,-1.9043508795807071,0.18324275734441267,6.241123777217252,4.90899982075003,99.24050632911417
4993,f1_esp,-1.9043508795807071,0.18324275734441267,6.241123777217252,4.90899982075003,99.24050632911417
4994,f1_esp,-1.9043508795807071,0.18324275734441267,6.241123777217252,4.90899982075003,99.24050632911417
4995,f1_esp,-1.9043508795807071,0.18324275734441267,6.241123777217252,4.90899982075003,99.24050632911417
4996,f1_esp,-1.9043508795807071,0.18324275734441267,6.241123777217252,4.90899982075003,99.24050632911417
4997,f1_esp,-1.9043508795807071,0.18324275734441267,6.241123777217252,4.90899982075003,99.24050632911417
4998,f1_esp,-1.9043508795807071,0.18324275734441267,6.241123777217252,4.90899982075003,99.24050632911417
4999,f1_esp,-1.4117800355631434,0.17790671469989414,0.026773558469023205,4.944093267660516,99.40928270042218
5000,f1_esp,-1.4117800355631434,0.17790671469989414,0.026773558469023205,4.944093267660516,99.40928270042218
5001,f1_esp,-1.4117800355631434,0.17790671469989414,0.026773558469023205,4.944093267660516,99.40928270042218
5002,f1_esp,-1.4117800355631434,0.17790671469989414,0.026773558469023205,4.944093267660516,99.40928270042218
5003,f1_esp,-1.4117800355631434,0.17790671469989414,0.026773558469023205,4.944093267660516,99.40928270042218
5004,f1_esp,-1.4117800355631434,0.17790671469989414,0.026773558469023205,4.944093267660516,99.40928270042218
5005,f1_esp,-1.4117800355631434,0.17790671469989414,0.026773558469023205,4.944093267660516,99.40928270042218
5006,f1_esp,-1.4117800355631434,0.17790671469989414,0.026773558469023205,4.944093267660516,99.40928270042218
5007,f1_esp,-1.4117800355631434,0.17790671469989414,0.026773558469023205,4.944093267660516,99.40928270042218
5008,f1_esp,-1.4117800355631434,0.17790671469989414,0.026773558469023205,4.944093267660516,99.40928270042218
5009,f1_esp,-0.9163715046580202,0.17119093088902448,6.239432856668825,4.965652994708751,99.62025316455721
5010,f1_esp,-0.9163715046580202,0.17119093088902448,6.239432856668825,4.965652994708751,99.62025316455721
5011,f1_esp,-0.9163715046580202,0.17119093088902448,6.239432856668825,4.965652994708751,99.62025316455721
5012,f1_esp,-0.9163715046580202,0.17119093088902448,6.239432856668825,4.965652994708751,99.62025316455721
5013,f1_esp,-0.9163715046580202,0.17119093088902448,6.239432856668825,4.965652994708751,99.62025316455721
5014,f1_esp,-0.9163715046580202,0.17119093088902448,6.239432856668825,4.965652994708751,99.62025316455721
5015,f1_esp,-0.9163715046580202,0.17119093088902448,6.239432856668825,4.965652994708751,99.62025316455721
5016,f1_esp,-0.9163715046580202,0.17119093088902448,6.239432856668825,4.965652994708751,99.62025316455721
5017,f1_esp,-0.9163715046580202,0.17119093088902448,6.239432856668825,4.965652994708751,99.62025316455721
5018,f1_esp,-0.9163715046580202,0.17119093088902448,6.239432856668825,4.965652994708751,99.62025316455721
5019,f1_esp,-0.4191816330038403,0.1680722077811771,0.026116449812466525,4.978898625834505,99.83122362869223
5020,f1_esp,-0.4191816330038403,0.1680722077811771,0.026116449812466525,4.978898625834505,99.83122362869223
5021,f1_esp,-0.4191816330038403,0.1680722077811771,0.026116449812466525,4.978898625834505,99.83122362869223
5022,f1_esp,-0.4191816330038403,0.1680722077811771,0.026116449812466525,4.978898625834505,99.83122362869223
5023,f1_esp,-0.4191816330038403,0.1680722077811771,0.026116449812466525,4.978898625834505,99.83122362869223
5024,f1_esp,-0.4191816330038403,0.1680722077811771,0.026116449812466525,4.978898625834505,99.83122362869223
5025,f1_esp,-0.4191816330038403,0.1680722077811771,0.026116449812466525,4.978898625834505,99.83122362869223
5026,f1_esp,-0.4191816330038403,0.1680722077811771,0.026116449812466525,4.978898625834505,99.83122362869223
5027,f1_esp,-0.4191816330038403,0.1680722077811771,0.026116449812466525,4.978898625834505,99.83122362869223
5028,f1_esp,-0.4191816330038403,0.1680722077811771,0.026116449812466525,4.978898625834505,99.83122362869223
5029,f1_esp,0.07904989218012229,0.16169465881742212,6.2319485427305334,4.987035938871265,100.04219409282726
